Frame;Time(s);abdomenUpper_T_glob;abdomenUpper_T_glob;abdomenUpper_T_glob;chestLower_T_glob;chestLower_T_glob;chestLower_T_glob;chestUpper_T_glob;chestUpper_T_glob;chestUpper_T_glob;neckLower_T_glob;neckLower_T_glob;neckLower_T_glob;neckUpper_T_glob;neckUpper_T_glob;neckUpper_T_glob;head_T_glob;head_T_glob;head_T_glob;rEar_T_glob;rEar_T_glob;rEar_T_glob;lEar_T_glob;lEar_T_glob;lEar_T_glob;rEye_T_glob;rEye_T_glob;rEye_T_glob;lEye_T_glob;lEye_T_glob;lEye_T_glob;rCollar_T_glob;rCollar_T_glob;rCollar_T_glob;rShldrBend_T_glob;rShldrBend_T_glob;rShldrBend_T_glob;rShldrTwist_T_glob;rShldrTwist_T_glob;rShldrTwist_T_glob;rForearmBend_T_glob;rForearmBend_T_glob;rForearmBend_T_glob;rForearmTwist_T_glob;rForearmTwist_T_glob;rForearmTwist_T_glob;rHand_T_glob;rHand_T_glob;rHand_T_glob;rCarpal4_T_glob;rCarpal4_T_glob;rCarpal4_T_glob;rPinky1_T_glob;rPinky1_T_glob;rPinky1_T_glob;rPinky2_T_glob;rPinky2_T_glob;rPinky2_T_glob;rPinky3_T_glob;rPinky3_T_glob;rPinky3_T_glob;rPinky3_end_T_glob;rPinky3_end_T_glob;rPinky3_end_T_glob;rCarpal3_T_glob;rCarpal3_T_glob;rCarpal3_T_glob;rRing1_T_glob;rRing1_T_glob;rRing1_T_glob;rRing2_T_glob;rRing2_T_glob;rRing2_T_glob;rRing3_T_glob;rRing3_T_glob;rRing3_T_glob;rRing3_end_T_glob;rRing3_end_T_glob;rRing3_end_T_glob;rCarpal2_T_glob;rCarpal2_T_glob;rCarpal2_T_glob;rMid1_T_glob;rMid1_T_glob;rMid1_T_glob;rMid2_T_glob;rMid2_T_glob;rMid2_T_glob;rMid3_T_glob;rMid3_T_glob;rMid3_T_glob;rMid3_end_T_glob;rMid3_end_T_glob;rMid3_end_T_glob;rCarpal1_T_glob;rCarpal1_T_glob;rCarpal1_T_glob;rIndex1_T_glob;rIndex1_T_glob;rIndex1_T_glob;rIndex2_T_glob;rIndex2_T_glob;rIndex2_T_glob;rIndex3_T_glob;rIndex3_T_glob;rIndex3_T_glob;rIndex3_end_T_glob;rIndex3_end_T_glob;rIndex3_end_T_glob;rThumb1_T_glob;rThumb1_T_glob;rThumb1_T_glob;rThumb2_T_glob;rThumb2_T_glob;rThumb2_T_glob;rThumb3_T_glob;rThumb3_T_glob;rThumb3_T_glob;rThumb3_end_T_glob;rThumb3_end_T_glob;rThumb3_end_T_glob;lCollar_T_glob;lCollar_T_glob;lCollar_T_glob;lShldrBend_T_glob;lShldrBend_T_glob;lShldrBend_T_glob;lShldrTwist_T_glob;lShldrTwist_T_glob;lShldrTwist_T_glob;lForearmBend_T_glob;lForearmBend_T_glob;lForearmBend_T_glob;lForearmTwist_T_glob;lForearmTwist_T_glob;lForearmTwist_T_glob;lHand_T_glob;lHand_T_glob;lHand_T_glob;lCarpal4_T_glob;lCarpal4_T_glob;lCarpal4_T_glob;lPinky1_T_glob;lPinky1_T_glob;lPinky1_T_glob;lPinky2_T_glob;lPinky2_T_glob;lPinky2_T_glob;lPinky3_T_glob;lPinky3_T_glob;lPinky3_T_glob;lPinky3_end_T_glob;lPinky3_end_T_glob;lPinky3_end_T_glob;lCarpal3_T_glob;lCarpal3_T_glob;lCarpal3_T_glob;lRing1_T_glob;lRing1_T_glob;lRing1_T_glob;lRing2_T_glob;lRing2_T_glob;lRing2_T_glob;lRing3_T_glob;lRing3_T_glob;lRing3_T_glob;lRing3_end_T_glob;lRing3_end_T_glob;lRing3_end_T_glob;lCarpal2_T_glob;lCarpal2_T_glob;lCarpal2_T_glob;lMid1_T_glob;lMid1_T_glob;lMid1_T_glob;lMid2_T_glob;lMid2_T_glob;lMid2_T_glob;lMid3_T_glob;lMid3_T_glob;lMid3_T_glob;lMid3_end_T_glob;lMid3_end_T_glob;lMid3_end_T_glob;lCarpal1_T_glob;lCarpal1_T_glob;lCarpal1_T_glob;lIndex1_T_glob;lIndex1_T_glob;lIndex1_T_glob;lIndex2_T_glob;lIndex2_T_glob;lIndex2_T_glob;lIndex3_T_glob;lIndex3_T_glob;lIndex3_T_glob;lIndex3_end_T_glob;lIndex3_end_T_glob;lIndex3_end_T_glob;lThumb1_T_glob;lThumb1_T_glob;lThumb1_T_glob;lThumb2_T_glob;lThumb2_T_glob;lThumb2_T_glob;lThumb3_T_glob;lThumb3_T_glob;lThumb3_T_glob;lThumb3_end_T_glob;lThumb3_end_T_glob;lThumb3_end_T_glob;pelvis_T_glob;pelvis_T_glob;pelvis_T_glob;rThighBend_T_glob;rThighBend_T_glob;rThighBend_T_glob;rThighTwist_T_glob;rThighTwist_T_glob;rThighTwist_T_glob;rShin_T_glob;rShin_T_glob;rShin_T_glob;rFoot_T_glob;rFoot_T_glob;rFoot_T_glob;lThighBend_T_glob;lThighBend_T_glob;lThighBend_T_glob;lThighTwist_T_glob;lThighTwist_T_glob;lThighTwist_T_glob;lShin_T_glob;lShin_T_glob;lShin_T_glob;lFoot_T_glob;lFoot_T_glob;lFoot_T_glob
;;X;Y;Z;X;Y;Z;X;Y;Z;X;Y;Z;X;Y;Z;X;Y;Z;X;Y;Z;X;Y;Z;X;Y;Z;X;Y;Z;X;Y;Z;X;Y;Z;X;Y;Z;X;Y;Z;X;Y;Z;X;Y;Z;X;Y;Z;X;Y;Z;X;Y;Z;X;Y;Z;X;Y;Z;X;Y;Z;X;Y;Z;X;Y;Z;X;Y;Z;X;Y;Z;X;Y;Z;X;Y;Z;X;Y;Z;X;Y;Z;X;Y;Z;X;Y;Z;X;Y;Z;X;Y;Z;X;Y;Z;X;Y;Z;X;Y;Z;X;Y;Z;X;Y;Z;X;Y;Z;X;Y;Z;X;Y;Z;X;Y;Z;X;Y;Z;X;Y;Z;X;Y;Z;X;Y;Z;X;Y;Z;X;Y;Z;X;Y;Z;X;Y;Z;X;Y;Z;X;Y;Z;X;Y;Z;X;Y;Z;X;Y;Z;X;Y;Z;X;Y;Z;X;Y;Z;X;Y;Z;X;Y;Z;X;Y;Z;X;Y;Z;X;Y;Z;X;Y;Z;X;Y;Z;X;Y;Z;X;Y;Z;X;Y;Z;X;Y;Z;X;Y;Z;X;Y;Z;X;Y;Z;X;Y;Z;X;Y;Z;X;Y;Z;X;Y;Z;X;Y;Z;X;Y;Z;
780.000;31.200;0.031;7.193;-0.086;0.053;13.965;-0.215;0.083;25.945;-0.506;-0.255;41.818;-1.391;-0.418;46.084;1.588;-0.214;52.511;2.661;-7.003;56.627;3.864;6.723;56.555;2.619;-2.729;58.545;11.003;3.825;58.511;10.408;-1.654;36.574;-2.747;-15.743;34.548;-1.900;-20.822;21.411;-2.909;-26.436;6.892;-4.025;-23.045;5.244;8.397;-19.247;3.250;22.992;-19.566;1.511;23.542;-17.213;-1.092;30.247;-16.758;-1.485;32.589;-16.219;-2.470;34.918;-15.864;-2.623;36.545;-19.723;2.327;23.704;-18.529;1.126;30.981;-17.444;1.303;34.914;-16.119;1.621;37.582;-15.135;1.733;39.372;-19.269;3.588;23.616;-18.632;3.662;31.643;-17.169;3.891;35.412;-15.311;4.076;38.224;-14.236;4.176;40.102;-19.548;4.618;23.485;-18.556;6.136;31.245;-16.279;6.643;34.365;-14.615;6.937;36.608;-13.292;6.874;38.191;-18.570;5.378;25.209;-18.398;8.450;27.126;-17.029;9.751;29.317;-17.818;12.009;30.761;1.566;36.654;-2.537;15.649;34.215;-0.178;20.941;20.680;-1.406;26.790;5.720;-2.764;22.520;4.538;9.309;17.748;2.821;24.051;17.918;1.094;25.081;17.017;-0.954;31.448;16.233;-2.237;34.032;15.092;-3.145;35.945;14.157;-3.719;37.251;17.901;1.999;25.211;17.749;1.487;31.813;16.368;0.813;35.951;14.334;0.352;38.571;12.930;0.163;40.118;17.088;3.142;25.423;17.643;3.862;32.457;16.461;3.451;36.959;14.605;3.194;39.353;13.061;3.112;40.898;16.991;4.041;25.247;16.945;6.316;32.154;15.611;6.586;35.814;14.282;6.318;38.004;12.912;6.090;39.746;16.579;4.864;25.626;16.351;8.261;27.336;16.308;9.935;30.118;15.888;12.627;30.504;0.000;0.000;0.000;-7.589;-12.231;-1.189;-9.778;-33.154;-0.718;-12.347;-57.717;-0.165;-11.426;-101.892;-8.461;7.617;-12.327;-1.563;9.399;-33.275;-0.622;11.492;-57.866;0.482;10.787;-102.195;-8.400
781.000;31.240;0.029;7.192;-0.087;0.049;13.963;-0.219;0.074;25.941;-0.514;-0.271;41.813;-1.394;-0.435;46.083;1.589;-0.234;52.516;2.665;-7.022;56.633;3.871;6.703;56.559;2.616;-2.743;58.554;11.006;3.811;58.519;10.406;-1.668;36.569;-2.751;-15.756;34.537;-1.901;-20.829;21.398;-2.912;-26.436;6.876;-4.028;-23.051;5.247;8.397;-19.263;3.276;22.994;-19.576;1.538;23.550;-17.195;-1.046;30.254;-16.728;-1.421;32.596;-16.167;-2.394;34.926;-15.800;-2.537;36.551;-19.737;2.353;23.711;-18.524;1.178;30.988;-17.395;1.356;34.915;-16.057;1.689;37.568;-15.064;1.800;39.351;-19.285;3.605;23.621;-18.643;3.712;31.643;-17.177;3.958;35.410;-15.292;4.150;38.206;-14.206;4.258;40.076;-19.563;4.634;23.486;-18.568;6.182;31.239;-16.290;6.707;34.351;-14.617;7.010;36.589;-13.290;6.951;38.170;-18.598;5.407;25.198;-18.421;8.487;27.110;-17.049;9.790;29.296;-17.829;12.052;30.740;1.552;36.651;-2.543;15.635;34.216;-0.188;20.931;20.682;-1.421;26.784;5.724;-2.785;22.523;4.556;9.290;17.763;2.859;24.036;17.937;1.150;25.076;17.031;-0.910;31.443;16.257;-2.183;34.030;15.109;-3.096;35.936;14.173;-3.669;37.242;17.927;2.054;25.207;17.764;1.535;31.804;16.372;0.870;35.938;14.334;0.426;38.547;12.934;0.214;40.094;17.109;3.178;25.407;17.666;3.914;32.441;16.477;3.515;36.941;14.623;3.270;39.339;13.082;3.187;40.887;17.011;4.076;25.229;16.976;6.373;32.132;15.640;6.650;35.793;14.315;6.402;37.989;12.942;6.179;39.730;16.595;4.905;25.611;16.365;8.306;27.312;16.287;9.983;30.093;15.914;12.683;30.473;0.000;0.000;0.000;-7.588;-12.233;-1.184;-9.773;-33.154;-0.713;-12.339;-57.713;-0.161;-11.413;-101.889;-8.460;7.619;-12.326;-1.562;9.403;-33.274;-0.616;11.497;-57.866;0.495;10.793;-102.195;-8.397
782.000;31.280;0.026;7.190;-0.089;0.042;13.959;-0.222;0.060;25.934;-0.523;-0.293;41.806;-1.395;-0.458;46.079;1.593;-0.258;52.518;2.673;-7.047;56.631;3.886;6.677;56.566;2.613;-2.761;58.559;11.014;3.793;58.529;10.406;-1.688;36.562;-2.755;-15.773;34.523;-1.901;-20.844;21.383;-2.909;-26.449;6.859;-4.022;-23.079;5.265;8.408;-19.311;3.331;23.007;-19.614;1.601;23.578;-17.190;-0.947;30.293;-16.702;-1.308;32.625;-16.111;-2.261;34.952;-15.719;-2.385;36.573;-19.780;2.416;23.736;-18.551;1.272;31.014;-17.390;1.466;34.931;-16.012;1.822;37.570;-15.013;1.928;39.351;-19.333;3.643;23.636;-18.679;3.816;31.656;-17.208;4.067;35.415;-15.296;4.284;38.205;-14.216;4.391;40.079;-19.606;4.676;23.495;-18.617;6.275;31.240;-16.354;6.815;34.350;-14.670;7.149;36.585;-13.349;7.098;38.171;-18.692;5.473;25.182;-18.475;8.566;27.094;-17.089;9.883;29.274;-17.886;12.146;30.707;1.532;36.645;-2.547;15.618;34.212;-0.198;20.912;20.680;-1.437;26.763;5.723;-2.807;22.511;4.577;9.270;17.761;2.904;24.017;17.928;1.185;25.060;17.017;-0.854;31.429;16.233;-2.128;34.015;15.079;-3.029;35.922;14.134;-3.589;37.227;17.914;2.091;25.187;17.762;1.591;31.790;16.331;0.938;35.916;14.229;0.491;38.494;12.841;0.292;40.053;17.114;3.218;25.391;17.672;3.977;32.418;16.427;3.583;36.913;14.551;3.347;39.289;12.995;3.262;40.822;17.014;4.115;25.210;16.969;6.449;32.107;15.660;6.721;35.770;14.314;6.491;37.966;12.962;6.279;39.725;16.572;4.957;25.583;16.357;8.367;27.280;16.303;10.059;30.030;15.848;12.747;30.405;0.000;0.000;0.000;-7.584;-12.235;-1.181;-9.770;-33.157;-0.709;-12.336;-57.716;-0.156;-11.409;-101.886;-8.461;7.622;-12.324;-1.563;9.408;-33.273;-0.612;11.504;-57.865;0.504;10.799;-102.190;-8.395
783.000;31.320;0.024;7.188;-0.089;0.036;13.955;-0.225;0.045;25.927;-0.531;-0.315;41.799;-1.399;-0.482;46.075;1.593;-0.283;52.520;2.679;-7.070;56.632;3.907;6.651;56.568;2.605;-2.769;58.558;11.026;3.783;58.528;10.405;-1.709;36.555;-2.760;-15.792;34.508;-1.901;-20.865;21.368;-2.900;-26.473;6.844;-4.004;-23.116;5.291;8.431;-19.362;3.405;23.037;-19.670;1.682;23.619;-17.231;-0.811;30.339;-16.652;-1.156;32.692;-16.050;-2.061;34.987;-15.552;-2.159;36.580;-19.845;2.495;23.775;-18.610;1.371;31.055;-17.449;1.584;34.969;-16.029;1.941;37.587;-14.991;2.073;39.343;-19.384;3.717;23.661;-18.757;3.923;31.686;-17.298;4.208;35.455;-15.325;4.426;38.211;-14.207;4.561;40.061;-19.670;4.763;23.520;-18.690;6.372;31.264;-16.438;6.932;34.372;-14.776;7.268;36.614;-13.445;7.243;38.193;-18.783;5.567;25.201;-18.557;8.661;27.101;-17.166;9.990;29.276;-17.967;12.260;30.695;1.511;36.639;-2.553;15.601;34.206;-0.212;20.889;20.673;-1.460;26.735;5.715;-2.840;22.493;4.595;9.241;17.756;2.955;23.993;17.911;1.232;25.044;17.014;-0.783;31.418;16.212;-2.087;33.988;15.033;-2.970;35.887;14.055;-3.507;37.177;17.896;2.137;25.167;17.761;1.653;31.771;16.274;1.013;35.886;14.094;0.573;38.401;12.633;0.413;39.897;17.099;3.299;25.357;17.670;4.064;32.390;16.390;3.673;36.877;14.450;3.444;39.205;12.823;3.362;40.661;17.010;4.197;25.174;16.982;6.539;32.066;15.664;6.842;35.727;14.332;6.601;37.925;12.981;6.397;39.686;16.600;5.025;25.550;16.329;8.440;27.240;16.227;10.205;29.945;15.709;12.894;30.218;0.000;0.000;0.000;-7.582;-12.237;-1.178;-9.767;-33.155;-0.707;-12.333;-57.711;-0.153;-11.409;-101.885;-8.453;7.625;-12.322;-1.566;9.411;-33.271;-0.611;11.509;-57.863;0.509;10.800;-102.187;-8.390
784.000;31.360;0.023;7.185;-0.091;0.032;13.950;-0.229;0.031;25.916;-0.539;-0.333;41.789;-1.404;-0.499;46.068;1.593;-0.303;52.518;2.682;-7.087;56.632;3.924;6.631;56.566;2.597;-2.772;58.554;11.036;3.779;58.523;10.403;-1.726;36.544;-2.765;-15.806;34.491;-1.896;-20.884;21.349;-2.887;-26.497;6.823;-3.983;-23.159;5.320;8.461;-19.430;3.495;23.077;-19.726;1.762;23.666;-17.260;-0.671;30.382;-16.566;-0.947;32.747;-15.836;-1.777;35.028;-15.220;-1.831;36.582;-19.908;2.575;23.818;-18.693;1.493;31.104;-17.492;1.628;35.017;-15.918;2.016;37.551;-14.738;2.134;39.216;-19.443;3.814;23.701;-18.851;4.048;31.725;-17.347;4.328;35.481;-15.224;4.565;38.127;-13.970;4.711;39.887;-19.744;4.849;23.554;-18.835;6.487;31.294;-16.574;7.050;34.399;-14.845;7.353;36.597;-13.474;7.302;38.139;-18.889;5.672;25.250;-18.607;8.783;27.116;-17.174;10.105;29.270;-17.901;12.424;30.648;1.494;36.630;-2.560;15.586;34.196;-0.229;20.866;20.659;-1.488;26.703;5.697;-2.880;22.484;4.623;9.217;17.770;3.036;23.989;17.923;1.315;25.039;17.006;-0.683;31.419;16.155;-2.010;33.976;14.821;-2.795;35.817;13.699;-3.267;37.011;17.915;2.220;25.161;17.767;1.749;31.779;16.146;1.091;35.836;13.709;0.711;38.114;12.008;0.597;39.335;17.139;3.381;25.342;17.686;4.166;32.372;16.313;3.773;36.846;14.185;3.559;39.008;12.404;3.465;40.272;17.050;4.280;25.160;17.025;6.640;32.035;15.726;6.970;35.677;14.345;6.746;37.879;12.961;6.552;39.615;16.598;5.125;25.553;16.294;8.552;27.191;16.087;10.457;29.774;15.478;13.138;29.865;0.000;0.000;0.000;-7.582;-12.237;-1.172;-9.766;-33.157;-0.701;-12.329;-57.714;-0.148;-11.406;-101.885;-8.449;7.624;-12.322;-1.567;9.414;-33.269;-0.610;11.515;-57.860;0.514;10.810;-102.183;-8.378
785.000;31.400;0.021;7.183;-0.092;0.027;13.945;-0.233;0.024;25.908;-0.550;-0.345;41.781;-1.409;-0.509;46.064;1.596;-0.311;52.520;2.695;-7.092;56.635;3.943;6.624;56.567;2.597;-2.768;58.563;11.048;3.782;58.530;10.405;-1.738;36.536;-2.770;-15.819;34.469;-1.885;-20.903;21.327;-2.872;-26.522;6.802;-3.962;-23.201;5.380;8.492;-19.492;3.658;23.118;-19.768;1.922;23.724;-17.203;-0.424;30.428;-16.358;-0.626;32.731;-15.006;-1.112;34.904;-14.117;-0.956;36.312;-19.966;2.731;23.875;-18.778;1.657;31.142;-17.405;1.711;35.033;-15.399;2.167;37.235;-13.839;2.364;38.544;-19.513;4.003;23.728;-18.962;4.237;31.769;-17.405;4.461;35.511;-14.927;4.740;37.808;-13.279;4.937;39.199;-19.847;5.027;23.579;-19.015;6.678;31.297;-16.810;7.206;34.434;-14.890;7.486;36.512;-13.387;7.397;37.925;-19.061;5.866;25.335;-18.499;8.988;27.122;-16.942;10.249;29.205;-17.432;12.662;30.526;1.482;36.622;-2.568;15.577;34.176;-0.247;20.859;20.639;-1.514;26.697;5.677;-2.914;22.507;4.687;9.199;17.828;3.198;23.990;17.934;1.455;25.043;16.938;-0.506;31.426;15.919;-1.763;33.988;14.208;-2.321;35.593;12.805;-2.595;36.524;17.938;2.361;25.161;17.785;1.913;31.801;15.792;1.273;35.724;12.920;1.001;37.514;11.011;1.022;38.381;17.202;3.548;25.343;17.705;4.341;32.372;16.143;3.930;36.783;13.725;3.771;38.655;11.769;3.726;39.630;17.133;4.448;25.158;17.105;6.832;32.031;15.803;7.171;35.646;14.369;6.931;37.814;12.907;6.760;39.488;16.805;5.314;25.596;16.276;8.735;27.157;15.918;10.822;29.575;15.285;13.494;29.395;0.000;0.000;0.000;-7.579;-12.240;-1.165;-9.762;-33.157;-0.695;-12.324;-57.713;-0.144;-11.405;-101.881;-8.444;7.627;-12.320;-1.571;9.418;-33.268;-0.612;11.521;-57.859;0.513;10.814;-102.178;-8.384
786.000;31.440;0.019;7.180;-0.094;0.022;13.939;-0.236;0.009;25.897;-0.553;-0.369;41.771;-1.384;-0.528;46.053;1.630;-0.322;52.512;2.739;-7.102;56.632;3.984;6.613;56.558;2.623;-2.769;58.576;11.079;3.780;58.541;10.430;-1.761;36.529;-2.753;-15.838;34.434;-1.841;-21.000;21.310;-2.805;-26.706;6.804;-3.871;-23.332;5.565;8.581;-19.560;4.068;23.212;-19.746;2.265;23.808;-17.089;0.198;30.580;-16.131;0.107;32.807;-13.850;0.582;33.947;-12.462;1.499;34.113;-19.934;3.079;23.941;-18.749;2.146;31.273;-17.036;2.143;35.004;-14.330;3.044;36.061;-12.364;3.604;36.070;-19.580;4.495;23.788;-19.102;4.730;31.865;-17.484;4.815;35.634;-14.303;5.316;36.694;-12.165;5.657;36.633;-19.973;5.481;23.640;-19.231;7.147;31.342;-17.183;7.594;34.486;-14.663;7.838;35.787;-12.663;7.689;36.281;-19.167;6.333;25.433;-18.129;9.412;27.147;-16.260;10.433;29.081;-16.189;12.882;30.425;1.460;36.616;-2.555;15.554;34.133;-0.241;20.935;20.613;-1.458;26.882;5.670;-2.802;22.676;4.857;9.317;17.965;3.583;24.128;17.962;1.763;25.172;16.821;0.000;31.624;15.493;-1.051;34.160;13.161;-0.855;34.918;11.515;-0.419;34.814;17.974;2.671;25.276;17.822;2.300;31.970;15.432;1.862;35.705;12.102;1.942;36.357;10.043;2.214;36.070;17.346;3.972;25.467;17.842;4.753;32.502;15.856;4.448;36.705;12.981;4.374;37.792;10.804;4.501;37.640;17.320;4.873;25.281;17.375;7.248;32.129;16.029;7.465;35.670;14.060;7.178;37.287;12.039;6.891;38.181;16.976;5.738;25.788;16.086;9.177;27.224;15.410;11.367;29.463;14.445;13.901;28.992;0.000;0.000;0.000;-7.578;-12.241;-1.156;-9.761;-33.158;-0.680;-12.324;-57.714;-0.122;-11.409;-101.883;-8.427;7.627;-12.319;-1.572;9.417;-33.268;-0.605;11.519;-57.861;0.530;10.802;-102.189;-8.362
787.000;31.480;0.018;7.180;-0.098;0.017;13.939;-0.239;-0.008;25.897;-0.549;-0.390;41.775;-1.315;-0.544;46.046;1.725;-0.326;52.502;2.878;-7.103;56.630;4.106;6.611;56.543;2.735;-2.764;58.612;11.187;3.785;58.570;10.533;-1.782;36.537;-2.703;-15.840;34.410;-1.753;-21.326;21.370;-2.568;-27.389;6.959;-3.469;-23.681;6.075;8.909;-19.522;5.007;23.459;-19.599;3.096;24.093;-16.781;1.588;30.930;-15.676;1.746;33.115;-13.609;2.908;32.277;-13.346;3.682;30.818;-19.754;3.925;24.166;-18.510;3.430;31.594;-16.373;3.978;34.968;-13.722;5.070;33.955;-12.629;5.435;32.266;-19.516;5.483;24.007;-18.910;6.005;32.058;-16.780;6.356;35.511;-13.611;6.911;34.726;-12.577;6.923;32.823;-19.927;6.441;23.821;-19.150;8.362;31.460;-17.245;8.886;34.488;-14.476;9.116;34.370;-12.761;8.967;33.230;-18.996;7.365;25.593;-17.431;10.236;27.094;-15.161;10.883;28.907;-14.347;13.136;30.347;1.438;36.624;-2.508;15.516;34.090;-0.185;21.268;20.666;-1.195;27.626;5.830;-2.311;23.200;5.332;9.764;18.205;4.427;24.544;18.024;2.545;25.607;16.665;1.118;32.109;14.660;0.742;34.355;12.623;1.684;33.461;12.012;2.323;32.003;18.075;3.455;25.676;17.881;3.336;32.464;14.888;3.386;35.794;11.897;3.866;34.392;11.063;4.192;32.495;17.609;4.919;25.863;18.040;5.770;32.855;15.392;5.757;36.582;12.360;5.829;36.141;10.999;6.075;34.449;17.673;5.812;25.650;17.828;8.160;32.442;16.760;8.620;35.847;14.357;8.267;36.438;12.249;8.114;35.732;17.230;6.712;26.245;15.456;9.972;27.353;13.799;11.471;29.574;11.886;13.445;29.444;0.000;0.000;0.000;-7.581;-12.241;-1.137;-9.763;-33.155;-0.646;-12.325;-57.707;-0.070;-11.411;-101.873;-8.380;7.624;-12.321;-1.573;9.418;-33.265;-0.586;11.524;-57.852;0.573;10.806;-102.181;-8.315
788.000;31.520;0.014;7.181;-0.107;0.010;13.941;-0.245;-0.020;25.900;-0.535;-0.413;41.781;-1.222;-0.563;46.041;1.866;-0.329;52.486;3.111;-7.099;56.630;4.324;6.614;56.517;2.943;-2.752;58.641;11.392;3.797;58.587;10.732;-1.802;36.550;-2.636;-15.819;34.401;-1.642;-22.028;21.594;-2.070;-28.890;7.439;-2.544;-24.450;7.118;9.631;-19.424;6.733;23.980;-19.491;4.878;24.790;-16.316;3.649;31.331;-14.575;4.296;32.843;-13.707;5.160;30.802;-14.797;5.176;29.534;-19.593;5.717;24.818;-17.901;5.680;32.180;-14.720;6.523;34.245;-13.452;7.171;31.602;-14.390;6.899;29.806;-19.340;7.171;24.538;-18.164;8.342;32.318;-15.079;8.873;34.685;-13.248;8.935;32.083;-14.104;8.538;30.134;-19.685;8.152;24.286;-18.430;10.559;31.631;-16.195;11.063;34.194;-14.051;11.030;32.563;-13.811;10.508;30.580;-18.658;9.160;25.795;-16.732;11.953;26.988;-14.238;12.334;28.623;-12.868;14.400;29.912;1.419;36.638;-2.441;15.460;34.083;-0.094;22.065;20.931;-0.601;29.365;6.395;-1.161;24.189;6.290;10.679;18.272;5.878;25.215;17.885;3.976;26.386;16.316;3.043;32.794;13.857;3.364;34.303;13.018;4.302;32.354;14.010;4.350;30.968;17.955;4.887;26.417;17.697;5.126;33.158;14.146;5.745;35.702;12.292;5.809;32.637;13.449;5.766;30.888;17.666;6.530;26.515;18.022;7.614;33.276;14.658;8.079;36.052;12.523;8.002;33.950;13.074;7.943;31.836;17.810;7.399;26.247;17.955;9.965;32.832;16.582;10.514;35.786;14.362;10.147;34.978;13.650;9.971;32.873;17.335;8.208;26.680;15.181;11.177;27.702;12.996;11.802;30.196;10.423;12.680;30.615;0.000;0.000;0.000;-7.576;-12.247;-1.105;-9.755;-33.157;-0.590;-12.314;-57.703;0.014;-11.398;-101.872;-8.282;7.629;-12.321;-1.556;9.425;-33.264;-0.535;11.532;-57.850;0.664;10.804;-102.188;-8.216
789.000;31.560;0.012;7.187;-0.113;0.005;13.954;-0.250;-0.033;25.925;-0.530;-0.432;41.808;-1.160;-0.581;46.053;1.982;-0.339;52.465;3.354;-7.104;56.613;4.579;6.608;56.489;3.191;-2.751;58.605;11.649;3.797;58.546;10.986;-1.818;36.581;-2.593;-15.775;34.455;-1.530;-23.070;22.126;-1.322;-31.132;8.498;-1.092;-25.703;8.814;10.680;-19.499;9.138;24.624;-19.471;7.430;25.629;-15.660;6.416;31.128;-13.386;7.345;31.209;-14.035;7.858;28.925;-15.639;7.845;28.453;-19.506;8.275;25.635;-16.692;8.558;32.268;-12.928;9.421;32.169;-13.796;9.782;29.366;-15.223;8.956;28.156;-19.327;9.653;25.168;-16.874;11.322;31.990;-13.209;11.654;32.526;-12.982;11.139;29.565;-14.789;10.701;28.454;-19.690;10.605;24.895;-17.113;13.566;31.349;-13.919;13.837;32.420;-13.340;13.281;29.884;-14.390;12.680;28.211;-18.491;11.646;25.943;-16.305;14.445;26.574;-13.447;14.771;27.811;-11.544;16.356;29.104;1.402;36.670;-2.397;15.377;34.137;0.047;23.190;21.508;0.272;31.825;7.549;0.520;25.678;7.815;11.950;18.540;7.852;26.056;17.962;6.103;27.282;15.824;5.350;33.114;12.938;6.400;33.303;13.627;6.878;31.036;15.134;6.406;30.391;18.110;7.004;27.336;17.216;7.324;33.780;13.080;8.340;34.371;13.024;8.026;30.723;14.928;7.497;30.022;17.876;8.457;27.421;17.645;9.855;33.555;13.577;10.645;34.525;13.278;10.183;31.645;15.114;9.874;30.501;18.054;9.309;27.120;17.768;12.230;33.014;15.202;12.851;34.725;14.089;12.175;32.800;14.997;11.935;30.779;17.572;10.168;27.233;15.432;13.150;28.135;13.010;13.173;30.619;10.382;12.997;31.417;0.000;0.000;0.000;-7.574;-12.250;-1.088;-9.757;-33.157;-0.544;-12.320;-57.700;0.095;-11.407;-101.878;-8.164;7.630;-12.321;-1.544;9.425;-33.263;-0.488;11.532;-57.847;0.752;10.801;-102.192;-8.095
790.000;31.600;0.012;7.198;-0.118;0.005;13.974;-0.254;-0.029;25.962;-0.524;-0.430;41.847;-1.107;-0.588;46.071;2.088;-0.352;52.436;3.601;-7.119;56.573;4.853;6.593;56.464;3.471;-2.771;58.514;11.940;3.778;58.462;11.280;-1.813;36.625;-2.558;-15.694;34.567;-1.446;-24.271;23.019;-0.468;-33.751;10.256;0.614;-27.191;11.069;11.735;-19.661;11.998;24.961;-19.655;10.493;26.161;-15.376;9.410;30.868;-12.941;10.207;30.093;-14.464;10.360;28.038;-16.123;10.388;28.243;-19.634;11.338;26.121;-15.880;11.769;31.928;-12.294;12.089;30.479;-13.874;12.327;28.091;-15.798;11.744;27.719;-19.373;12.525;25.475;-15.880;14.482;31.354;-12.239;14.344;30.699;-13.322;13.529;27.874;-15.374;13.188;27.270;-19.681;13.487;25.145;-15.931;16.711;30.581;-12.591;16.541;30.639;-12.827;15.636;28.220;-14.319;15.227;26.853;-18.232;14.490;25.767;-15.883;17.183;25.735;-12.811;17.353;26.528;-10.440;17.623;27.981;1.407;36.713;-2.356;15.284;34.244;0.238;24.383;22.414;1.234;34.439;9.339;2.334;27.335;9.832;13.202;19.002;10.164;26.691;18.292;8.515;27.902;15.473;7.854;32.944;12.919;9.066;31.972;14.257;9.228;30.072;15.848;8.630;29.930;18.475;9.407;27.979;16.733;9.840;33.916;12.589;10.936;32.769;13.941;10.188;29.452;15.929;9.567;29.204;18.216;10.826;27.978;17.248;12.369;33.644;12.957;12.978;32.953;13.932;12.306;30.293;16.066;11.872;30.106;18.446;11.665;27.675;17.416;14.728;32.972;14.362;15.372;33.681;14.322;14.242;31.582;16.119;13.826;30.330;17.951;12.458;27.581;15.690;15.403;28.186;13.023;15.183;30.456;10.572;14.164;31.180;0.000;0.000;0.000;-7.571;-12.252;-1.079;-9.759;-33.160;-0.505;-12.327;-57.703;0.169;-11.412;-101.872;-8.042;7.633;-12.322;-1.526;9.425;-33.263;-0.439;11.529;-57.847;0.837;10.797;-102.200;-7.972
791.000;31.640;0.015;7.215;-0.118;0.013;14.007;-0.245;-0.009;26.023;-0.492;-0.413;41.910;-1.023;-0.585;46.104;2.229;-0.360;52.403;3.902;-7.136;56.520;5.171;6.579;56.443;3.814;-2.804;58.417;12.280;3.745;58.380;11.632;-1.789;36.692;-2.497;-15.601;34.722;-1.367;-25.385;24.166;0.296;-36.199;12.499;2.133;-28.784;13.646;12.602;-20.252;14.967;25.112;-20.145;13.571;26.385;-15.169;12.365;30.221;-12.894;12.902;28.774;-14.898;13.009;27.213;-16.388;12.864;27.958;-20.109;14.415;26.335;-15.372;14.739;31.253;-12.267;14.806;28.958;-14.333;15.021;26.989;-16.351;14.693;27.064;-19.921;15.520;25.573;-15.365;17.426;30.579;-11.732;17.049;29.117;-13.928;16.260;26.770;-16.061;16.016;26.488;-20.228;16.494;25.263;-15.436;19.669;29.766;-12.228;19.197;29.077;-13.061;18.244;26.829;-14.785;17.934;25.736;-18.614;17.474;25.545;-16.310;20.078;25.008;-13.104;20.112;25.269;-10.618;19.822;26.511;1.431;36.781;-2.283;15.201;34.404;0.434;25.465;23.538;2.029;36.808;11.528;3.793;29.025;12.111;14.152;19.836;12.549;27.058;18.862;10.888;28.067;15.031;10.329;32.383;12.870;11.563;30.771;14.674;11.677;29.184;16.253;11.136;29.536;19.062;11.771;28.195;16.112;12.224;33.601;12.453;13.472;31.372;14.630;12.659;28.609;16.636;12.046;28.599;18.833;13.206;28.201;16.773;14.733;33.469;12.787;15.437;31.758;14.448;14.831;29.440;16.555;14.391;29.819;19.134;14.044;27.967;17.162;17.051;32.957;14.038;17.816;32.860;14.518;16.678;30.801;16.569;16.329;30.004;18.669;14.838;27.762;16.396;17.798;27.955;13.377;17.529;29.714;10.982;16.219;30.066;0.000;0.000;0.000;-7.572;-12.251;-1.084;-9.763;-33.158;-0.481;-12.334;-57.700;0.226;-11.411;-101.880;-7.931;7.633;-12.323;-1.514;9.421;-33.267;-0.385;11.521;-57.853;0.941;10.790;-102.208;-7.862
792.000;31.680;0.015;7.234;-0.110;0.019;14.044;-0.216;0.014;26.092;-0.408;-0.395;41.981;-0.862;-0.580;46.141;2.436;-0.364;52.382;4.232;-7.144;56.486;5.523;6.573;56.425;4.184;-2.822;58.330;12.652;3.729;58.301;12.013;-1.763;36.769;-2.367;-15.507;34.912;-1.279;-26.307;25.422;0.742;-38.244;14.932;2.976;-30.372;16.404;12.973;-21.236;17.964;24.932;-21.069;16.580;26.242;-15.670;15.158;29.334;-13.600;15.423;27.503;-15.866;15.566;26.320;-17.157;15.418;27.373;-20.987;17.417;26.147;-15.558;17.556;30.279;-12.830;17.224;27.575;-15.171;17.543;25.854;-17.187;17.457;26.182;-20.790;18.492;25.320;-15.437;20.176;29.539;-12.270;19.698;27.454;-14.860;18.817;25.624;-17.022;18.701;25.561;-21.042;19.453;25.008;-15.422;22.384;28.617;-12.504;21.603;27.453;-13.749;20.647;25.403;-15.601;20.442;24.514;-19.332;20.378;24.997;-16.991;22.789;24.032;-13.795;22.522;23.841;-11.224;22.040;24.824;1.456;36.859;-2.141;15.132;34.611;0.632;26.388;24.751;2.524;38.829;13.854;4.616;30.664;14.488;14.629;20.883;14.857;27.052;19.801;13.243;27.894;15.203;12.662;31.368;13.392;13.890;29.439;15.465;13.928;28.208;16.875;13.230;28.867;19.994;14.116;28.084;16.069;14.515;32.855;12.899;15.745;29.939;15.636;14.968;27.741;17.630;14.343;27.930;19.719;15.470;28.040;16.758;17.021;32.898;13.212;17.715;30.400;15.367;17.166;28.510;17.351;16.774;29.341;20.044;16.314;27.867;17.252;19.335;32.453;14.213;20.085;31.799;15.001;18.940;29.835;17.152;18.546;29.406;19.614;17.125;27.550;17.389;20.133;27.425;14.120;19.880;28.625;11.684;18.601;28.587;0.000;0.000;0.000;-7.567;-12.253;-1.095;-9.764;-33.159;-0.472;-12.343;-57.701;0.260;-11.424;-101.890;-7.848;7.638;-12.321;-1.509;9.420;-33.273;-0.333;11.512;-57.870;1.046;10.779;-102.218;-7.784
793.000;31.720;0.015;7.248;-0.092;0.020;14.071;-0.167;0.017;26.144;-0.285;-0.398;42.034;-0.670;-0.590;46.169;2.675;-0.372;52.365;4.584;-7.149;56.467;5.895;6.569;56.403;4.562;-2.829;58.269;13.036;3.722;58.238;12.400;-1.760;36.829;-2.201;-15.449;35.093;-1.208;-27.020;26.567;0.773;-39.810;17.144;2.962;-31.805;18.945;12.711;-22.536;20.918;24.410;-22.360;19.584;25.771;-16.780;17.856;28.386;-14.904;17.823;26.294;-17.263;18.183;25.378;-18.411;18.076;26.589;-22.238;20.411;25.639;-16.409;20.264;29.195;-13.996;19.684;26.242;-16.506;20.042;24.756;-18.487;20.166;25.249;-22.013;21.431;24.749;-16.162;22.836;28.379;-13.250;21.935;25.884;-16.247;21.381;24.446;-18.410;21.385;24.539;-22.220;22.405;24.415;-16.073;25.020;27.328;-13.376;23.943;25.906;-14.917;23.054;24.018;-16.837;22.936;23.268;-20.485;23.230;24.224;-18.084;25.402;22.904;-14.948;24.884;22.384;-12.364;24.204;23.200;1.458;36.919;-1.966;15.064;34.789;0.809;27.115;25.862;2.585;40.435;15.995;4.548;32.146;16.623;14.396;22.208;16.976;26.627;21.066;15.324;27.341;16.074;14.700;30.332;14.523;15.979;28.134;16.710;15.991;27.183;18.011;15.223;27.974;21.222;16.202;27.541;16.746;16.584;31.837;13.983;17.714;28.552;16.915;17.053;26.747;18.854;16.348;27.120;20.962;17.585;27.493;17.389;19.056;31.984;14.223;19.783;29.032;16.630;19.182;27.486;18.474;18.803;28.596;21.296;18.434;27.362;17.936;21.420;31.617;14.996;22.084;30.582;16.019;21.032;28.673;18.208;20.655;28.495;20.864;19.273;27.005;18.744;22.310;26.626;15.334;22.053;27.442;12.885;20.868;27.028;0.000;0.000;0.000;-7.566;-12.251;-1.125;-9.768;-33.161;-0.501;-12.353;-57.708;0.231;-11.437;-101.907;-7.847;7.640;-12.318;-1.518;9.415;-33.277;-0.332;11.498;-57.881;1.061;10.765;-102.226;-7.777
794.000;31.760;0.016;7.257;-0.065;0.021;14.089;-0.103;0.016;26.177;-0.142;-0.398;42.069;-0.456;-0.596;46.186;2.944;-0.373;52.344;4.975;-7.145;56.450;6.302;6.572;56.375;4.962;-2.820;58.225;13.446;3.730;58.189;12.806;-1.756;36.871;-2.015;-15.400;35.241;-1.183;-27.520;27.461;0.278;-40.916;18.861;1.892;-33.251;21.132;11.725;-24.409;23.684;23.553;-24.248;22.405;24.956;-18.596;20.504;27.354;-16.826;20.336;25.133;-19.226;20.804;24.340;-20.301;20.713;25.618;-24.106;23.226;24.807;-18.084;22.922;28.101;-15.758;22.115;24.979;-18.466;22.550;23.812;-20.401;22.798;24.425;-23.857;24.191;23.884;-17.779;25.462;27.214;-15.006;24.333;24.629;-18.146;23.981;23.320;-20.305;24.068;23.464;-24.041;25.178;23.532;-17.649;27.597;26.079;-15.101;26.436;24.546;-16.754;25.530;22.769;-18.697;25.452;22.076;-22.240;25.934;23.242;-19.811;27.967;21.780;-16.738;27.323;21.157;-14.169;26.487;21.870;1.462;36.960;-1.771;15.017;34.955;0.936;27.583;26.679;2.089;41.473;17.531;3.364;33.501;18.340;13.391;23.956;18.911;25.854;22.773;17.295;26.522;17.638;16.708;29.274;16.198;18.040;27.029;18.420;18.001;26.162;19.674;17.190;26.988;22.935;18.170;26.730;18.251;18.605;30.823;15.757;19.746;27.471;18.627;19.116;25.734;20.536;18.362;26.166;22.678;19.563;26.662;18.934;21.097;30.941;15.865;21.839;27.897;18.350;21.219;26.466;20.137;20.855;27.671;23.034;20.405;26.549;19.505;23.429;30.644;16.627;24.127;29.475;17.744;23.078;27.607;19.941;22.711;27.527;22.648;21.255;26.170;20.650;24.375;25.703;17.190;24.191;26.368;14.763;23.033;25.781;0.000;0.000;0.000;-7.566;-12.246;-1.179;-9.777;-33.163;-0.574;-12.372;-57.717;0.137;-11.465;-101.916;-7.928;7.641;-12.315;-1.543;9.410;-33.278;-0.387;11.486;-57.888;0.970;10.751;-102.233;-7.864
795.000;31.800;0.018;7.263;-0.028;0.028;14.101;-0.026;0.035;26.198;0.015;-0.388;42.091;-0.226;-0.604;46.194;3.233;-0.396;52.320;5.388;-7.157;56.436;6.738;6.557;56.336;5.372;-2.815;58.184;13.878;3.734;58.136;13.226;-1.737;36.899;-1.814;-15.375;35.334;-1.205;-27.703;27.841;-0.679;-41.329;19.561;-0.099;-34.561;22.632;10.093;-26.803;26.137;22.358;-26.668;24.901;23.808;-21.018;23.080;26.266;-19.214;22.913;24.055;-21.617;23.358;23.260;-22.688;23.161;24.529;-26.536;25.720;23.646;-20.522;25.548;26.982;-18.124;24.691;23.883;-20.915;25.048;22.826;-22.834;25.294;23.489;-26.281;26.665;22.708;-20.228;28.038;26.038;-17.448;26.971;23.509;-20.538;26.491;22.182;-22.698;26.568;22.312;-26.463;27.632;22.336;-20.094;30.161;24.873;-17.531;28.936;23.400;-19.211;28.040;21.621;-21.153;27.941;20.926;-24.626;28.378;22.015;-22.205;30.416;20.561;-19.117;29.748;19.965;-16.599;28.884;20.813;1.480;36.989;-1.558;15.017;35.077;1.036;27.739;27.053;1.100;41.800;18.185;1.169;34.743;19.575;11.725;26.319;20.870;24.841;25.115;19.287;25.577;20.001;18.941;28.506;18.559;20.291;26.210;20.754;20.168;25.296;22.005;19.353;26.121;25.304;20.165;25.748;20.685;20.857;29.943;18.210;22.061;26.613;21.051;21.219;24.866;22.924;20.404;25.342;25.078;21.597;25.648;21.414;23.360;30.023;18.379;24.087;26.940;20.885;23.359;25.589;22.639;23.014;26.846;25.457;22.426;25.509;22.069;25.675;29.564;19.202;26.405;28.424;20.212;25.244;26.548;22.382;24.752;26.421;25.095;23.272;25.109;23.151;26.414;24.577;19.707;26.348;25.314;17.303;25.083;24.870;0.000;0.000;0.000;-7.565;-12.240;-1.246;-9.782;-33.165;-0.673;-12.385;-57.729;-0.001;-11.487;-101.927;-8.079;7.642;-12.308;-1.588;9.403;-33.281;-0.477;11.470;-57.902;0.828;10.729;-102.244;-8.013
796.000;31.840;0.020;7.270;0.008;0.036;14.114;0.058;0.059;26.222;0.199;-0.361;42.116;0.042;-0.594;46.201;3.560;-0.409;52.295;5.835;-7.162;56.414;7.215;6.548;56.305;5.806;-2.796;58.143;14.346;3.751;58.091;13.673;-1.705;36.933;-1.578;-15.371;35.394;-1.194;-27.589;27.847;-1.805;-41.093;19.506;-2.481;-35.800;23.605;8.151;-29.809;28.329;20.940;-29.675;27.123;22.409;-24.005;25.647;25.115;-22.145;25.567;22.948;-24.488;25.865;22.102;-25.544;25.295;23.266;-29.585;27.949;22.247;-23.691;28.124;25.800;-21.094;27.461;22.802;-23.909;27.569;21.691;-25.849;27.722;22.320;-29.354;28.906;21.306;-23.489;30.637;24.870;-20.645;29.718;22.397;-23.549;28.943;20.939;-25.714;28.971;20.972;-29.566;29.855;20.924;-23.438;32.764;23.673;-20.740;31.608;22.317;-22.300;30.646;20.482;-24.217;30.432;19.746;-27.770;30.705;20.680;-25.393;32.850;19.277;-22.263;32.382;18.827;-19.782;31.553;19.810;1.510;37.021;-1.311;15.070;35.130;1.123;27.456;26.870;-0.209;41.147;17.741;-1.681;35.728;20.088;9.580;29.301;22.559;23.562;28.066;21.098;24.456;23.129;21.241;27.801;21.649;22.604;25.486;23.761;22.362;24.441;25.039;21.534;25.212;28.329;21.964;24.578;24.038;23.133;29.061;21.411;24.424;25.848;24.149;23.320;23.934;25.986;22.406;24.369;28.192;23.400;24.430;24.953;25.597;28.998;21.796;26.444;26.078;24.181;25.517;24.638;25.978;25.116;25.816;28.611;24.195;24.230;25.730;27.838;28.377;22.837;28.744;27.405;23.653;27.451;25.537;25.777;26.816;25.305;28.278;25.075;23.877;26.477;28.297;23.308;23.124;28.477;24.274;20.680;27.217;24.173;0.000;0.000;0.000;-7.565;-12.235;-1.300;-9.785;-33.166;-0.769;-12.392;-57.738;-0.145;-11.509;-101.929;-8.261;7.643;-12.301;-1.640;9.398;-33.282;-0.576;11.458;-57.913;0.672;10.704;-102.243;-8.196
797.000;31.880;0.020;7.271;0.043;0.038;14.115;0.143;0.068;26.223;0.396;-0.337;42.118;0.331;-0.574;46.192;3.891;-0.406;52.278;6.231;-7.152;56.395;7.648;6.553;56.285;6.190;-2.760;58.098;14.769;3.785;58.045;14.073;-1.686;36.946;-1.319;-15.402;35.388;-1.116;-27.003;27.255;-2.908;-39.825;18.266;-4.889;-36.619;23.469;6.030;-33.128;29.493;19.155;-32.962;28.328;20.650;-27.278;27.480;23.677;-25.307;27.561;21.598;-27.642;27.708;20.727;-28.711;26.971;21.780;-32.947;29.156;20.481;-27.259;29.922;24.360;-24.434;29.552;21.514;-27.176;29.362;20.235;-29.145;29.310;20.786;-32.771;30.145;19.543;-27.264;32.477;23.408;-24.349;31.809;21.036;-27.019;30.687;19.460;-29.182;30.588;19.420;-33.059;31.075;19.148;-27.375;34.593;22.198;-24.487;33.749;20.970;-25.837;32.620;19.082;-27.707;32.226;18.300;-31.328;32.083;18.981;-29.139;34.465;17.688;-25.962;34.346;17.423;-23.442;33.794;18.496;1.530;37.029;-1.051;15.139;35.082;1.173;26.662;26.141;-1.519;39.398;16.259;-4.494;36.237;19.753;7.266;32.558;23.630;21.867;31.298;22.357;22.965;26.778;23.221;26.809;25.215;24.602;24.552;27.157;24.087;23.343;28.432;23.190;24.037;31.660;23.196;23.001;27.989;25.068;27.854;25.174;26.499;24.843;27.579;24.959;22.639;29.373;23.926;22.979;31.654;24.630;22.793;29.145;27.414;27.486;25.845;28.411;24.885;27.900;27.149;23.217;29.787;26.584;24.164;32.121;25.368;22.503;30.052;29.500;26.683;27.185;30.700;25.959;27.730;29.246;24.123;29.773;28.446;23.727;31.842;26.251;22.152;30.305;29.604;21.559;27.114;30.208;22.852;24.603;29.113;23.113;0.000;0.000;0.000;-7.565;-12.230;-1.344;-9.788;-33.166;-0.856;-12.398;-57.742;-0.283;-11.531;-101.921;-8.452;7.643;-12.295;-1.687;9.396;-33.279;-0.675;11.453;-57.913;0.514;10.680;-102.236;-8.384
798.000;31.920;0.020;7.265;0.078;0.037;14.103;0.230;0.068;26.200;0.598;-0.324;42.095;0.619;-0.553;46.167;4.211;-0.392;52.268;6.580;-7.128;56.390;8.036;6.572;56.266;6.530;-2.708;58.061;15.148;3.834;58.002;14.428;-1.682;36.933;-1.054;-15.464;35.312;-0.988;-26.035;26.243;-3.679;-37.719;16.219;-6.654;-37.071;22.287;4.238;-36.638;29.311;17.317;-36.435;28.205;18.857;-30.919;28.260;22.329;-28.780;28.590;20.398;-31.094;28.563;19.451;-32.196;27.707;20.373;-36.524;29.024;18.663;-31.285;30.689;22.980;-28.207;30.645;20.321;-30.775;30.110;18.826;-32.742;29.775;19.272;-36.426;30.042;17.725;-31.582;33.175;21.905;-28.526;32.872;19.778;-30.796;31.333;18.040;-32.937;31.029;17.912;-36.827;30.947;17.272;-31.896;35.248;20.667;-28.851;34.856;19.649;-29.841;33.519;17.731;-31.608;32.872;16.880;-35.216;32.169;17.238;-33.287;34.803;16.035;-30.106;35.137;15.960;-27.618;35.001;17.225;1.534;37.012;-0.796;15.231;34.953;1.153;25.387;24.934;-2.468;36.613;13.860;-6.471;36.170;18.396;5.303;35.802;23.554;19.932;34.570;22.525;21.257;30.628;24.208;25.530;28.999;25.671;23.339;30.681;24.842;21.971;31.938;23.863;22.581;35.028;23.313;21.184;32.130;25.974;26.279;29.228;27.546;23.438;31.168;25.570;21.060;32.892;24.405;21.323;35.168;24.738;20.859;33.509;28.160;25.542;30.121;29.298;23.260;31.761;27.696;21.431;33.680;26.944;22.157;35.687;25.392;20.469;34.517;30.037;24.485;31.734;31.559;24.036;31.971;29.952;22.271;33.866;28.905;21.742;35.451;26.246;20.075;34.231;29.728;19.406;31.286;30.856;20.988;28.706;30.088;21.558;0.000;0.000;0.000;-7.564;-12.226;-1.383;-9.792;-33.165;-0.937;-12.408;-57.745;-0.413;-11.562;-101.915;-8.627;7.643;-12.287;-1.739;9.392;-33.272;-0.785;11.445;-57.908;0.336;10.647;-102.228;-8.565
799.000;31.960;0.018;7.248;0.114;0.036;14.069;0.309;0.068;26.134;0.766;-0.315;42.030;0.848;-0.522;46.112;4.454;-0.350;52.257;6.805;-7.079;56.379;8.291;6.613;56.255;6.715;-2.624;58.060;15.378;3.915;58.000;14.625;-1.688;36.875;-0.835;-15.549;35.134;-0.797;-24.758;24.925;-3.977;-34.936;13.643;-7.491;-37.094;19.986;3.045;-39.989;27.285;15.676;-39.704;26.281;17.267;-34.623;27.587;21.155;-32.402;28.319;19.386;-34.566;27.838;18.294;-35.567;26.808;19.150;-39.947;27.058;17.036;-35.525;29.884;21.694;-32.263;30.449;19.207;-34.544;29.366;17.587;-36.416;28.627;17.947;-39.971;28.091;16.049;-36.236;32.238;20.500;-33.080;32.499;18.608;-34.709;30.457;16.762;-36.768;29.814;16.563;-40.535;28.898;15.544;-36.874;34.170;19.176;-33.737;34.444;18.385;-34.246;32.919;16.481;-35.805;31.895;15.596;-39.186;30.367;15.622;-37.726;33.346;14.494;-34.696;34.363;14.567;-32.386;34.633;16.116;1.530;36.951;-0.599;15.335;34.705;1.089;23.750;23.477;-2.968;33.051;11.067;-7.451;35.624;15.977;3.872;38.923;21.581;17.953;37.745;20.847;19.485;34.673;23.425;24.085;33.050;25.039;21.992;34.389;23.920;20.498;35.578;22.810;21.013;38.315;21.538;19.300;36.498;24.941;24.513;33.610;26.845;21.885;34.968;24.453;19.429;36.540;23.080;19.639;38.639;22.913;18.852;38.121;26.828;23.472;34.721;28.375;21.484;35.874;26.430;19.612;37.718;25.409;20.192;39.208;23.446;18.362;39.277;28.472;22.146;36.746;30.403;21.927;36.511;28.710;20.263;38.088;27.277;19.612;39.049;24.293;17.937;38.335;27.933;17.189;35.823;29.624;19.017;33.256;29.315;19.957;0.000;0.000;0.000;-7.563;-12.222;-1.423;-9.795;-33.165;-1.024;-12.416;-57.749;-0.555;-11.596;-101.918;-8.777;7.643;-12.277;-1.809;9.392;-33.265;-0.915;11.444;-57.903;0.135;10.623;-102.219;-8.718
800.000;32.000;0.013;7.223;0.148;0.028;14.021;0.376;0.060;26.045;0.890;-0.311;41.941;1.031;-0.481;46.040;4.623;-0.281;52.256;6.882;-7.003;56.377;8.401;6.680;56.257;6.757;-2.513;58.057;15.466;4.021;58.000;14.681;-1.703;36.792;-0.658;-15.664;34.877;-0.535;-23.352;23.570;-3.835;-31.850;11.073;-7.483;-36.685;16.861;2.500;-42.722;23.439;14.455;-42.367;22.559;16.099;-38.083;25.116;20.326;-35.920;26.333;18.704;-37.741;25.349;17.491;-38.597;24.172;18.316;-42.766;23.251;15.822;-39.535;27.128;20.713;-36.308;28.431;18.439;-38.087;26.853;16.708;-39.736;25.681;17.007;-42.932;24.228;14.806;-40.681;29.257;19.398;-37.549;30.173;17.691;-38.373;27.748;15.832;-40.263;26.722;15.572;-43.620;24.858;14.242;-41.650;30.927;17.953;-38.567;31.954;17.394;-38.543;30.355;15.516;-39.773;28.960;14.620;-42.656;26.614;14.364;-41.880;29.845;13.264;-39.218;31.574;13.520;-37.145;32.317;15.239;1.518;36.866;-0.450;15.442;34.395;1.077;22.051;22.051;-2.825;29.356;8.408;-7.137;34.681;12.802;3.415;41.299;17.758;16.555;40.202;17.344;18.250;38.343;20.689;23.015;36.829;22.549;21.039;37.708;21.118;19.471;38.669;19.784;19.925;40.882;17.882;17.959;40.483;21.776;23.127;37.794;24.196;20.743;38.400;21.486;18.279;39.751;19.891;18.453;41.439;19.153;17.390;42.326;23.227;21.877;39.119;25.393;20.154;39.630;23.178;18.285;41.285;21.819;18.723;42.047;19.534;16.813;43.658;24.549;20.301;41.584;26.969;20.265;40.803;25.341;18.739;41.873;23.516;18.037;42.008;20.395;16.396;42.008;24.081;15.532;40.148;26.340;17.505;37.734;26.551;18.809;0.000;0.000;0.000;-7.558;-12.223;-1.447;-9.785;-33.168;-1.099;-12.400;-57.757;-0.691;-11.612;-101.933;-8.877;7.647;-12.261;-1.900;9.404;-33.257;-1.049;11.466;-57.904;-0.049;10.611;-102.231;-8.821
801.000;32.040;0.003;7.197;0.177;0.013;13.970;0.434;0.039;25.950;1.006;-0.328;41.845;1.215;-0.460;45.960;4.764;-0.214;52.266;6.856;-6.929;56.393;8.388;6.747;56.266;6.687;-2.410;58.099;15.428;4.121;58.038;14.616;-1.735;36.704;-0.483;-15.794;34.606;-0.193;-22.014;22.365;-3.225;-28.888;8.836;-6.576;-35.769;13.301;2.931;-44.163;18.243;14.313;-43.689;17.482;15.998;-40.414;21.088;20.406;-38.492;22.782;18.835;-39.848;21.346;17.545;-40.518;20.061;18.380;-44.217;18.059;15.674;-42.325;22.687;20.651;-39.397;24.679;18.489;-40.580;22.808;16.666;-41.890;21.265;16.963;-44.583;18.931;14.675;-43.898;24.472;19.213;-40.983;26.065;17.577;-41.019;23.490;15.777;-42.651;22.093;15.499;-45.357;19.376;14.042;-45.154;25.816;17.652;-42.391;27.558;17.199;-41.870;26.050;15.368;-42.683;24.351;14.521;-44.884;21.341;14.149;-44.864;24.633;12.992;-42.707;26.951;13.340;-40.966;28.206;15.129;1.487;36.776;-0.302;15.529;34.099;1.195;20.643;20.937;-2.260;26.294;6.390;-6.078;33.479;9.312;3.873;42.309;12.449;16.284;41.289;12.333;18.060;40.654;16.084;22.839;39.498;18.284;20.933;39.829;16.633;19.344;40.393;15.093;19.815;42.057;12.686;17.709;42.986;16.621;22.771;40.816;19.598;20.531;40.617;16.818;18.087;41.670;15.013;18.264;42.850;13.780;17.049;45.017;17.578;21.363;42.303;20.412;19.814;42.120;18.114;17.967;43.442;16.408;18.310;43.491;13.995;16.423;46.523;18.518;19.671;45.089;21.371;19.723;43.891;19.981;18.267;44.414;17.933;17.561;43.617;14.846;16.027;44.423;18.415;15.064;43.299;21.067;17.077;41.153;21.838;18.617;0.000;0.000;0.000;-7.548;-12.229;-1.444;-9.759;-33.177;-1.127;-12.355;-57.768;-0.755;-11.611;-101.959;-8.901;7.654;-12.241;-1.995;9.425;-33.248;-1.159;11.503;-57.907;-0.177;10.612;-102.258;-8.842
802.000;32.080;-0.003;7.181;0.198;0.003;13.939;0.486;0.024;25.891;1.127;-0.327;41.785;1.415;-0.421;45.900;4.910;-0.126;52.271;6.826;-6.836;56.415;8.341;6.835;56.267;6.594;-2.291;58.189;15.348;4.237;58.118;14.514;-1.750;36.653;-0.298;-15.878;34.488;0.192;-20.926;21.589;-2.355;-26.505;7.332;-5.170;-34.525;9.855;4.262;-44.188;12.438;15.539;-43.594;11.743;17.222;-41.320;15.858;21.845;-39.778;17.963;20.347;-40.642;16.317;18.923;-41.157;14.941;19.722;-44.219;12.204;16.890;-43.524;16.981;22.043;-41.070;19.615;20.016;-41.736;17.672;18.081;-42.646;15.862;18.358;-44.763;13.005;15.906;-45.418;18.422;20.603;-42.857;20.658;19.025;-42.271;18.201;17.197;-43.601;16.525;16.862;-45.600;13.299;15.251;-46.896;19.516;19.017;-44.580;21.835;18.675;-43.690;20.557;16.832;-44.056;18.715;15.973;-45.572;15.295;15.425;-46.265;18.568;14.347;-44.624;21.276;14.805;-43.258;22.802;16.706;1.473;36.722;-0.139;15.600;33.885;1.408;19.808;20.227;-1.453;24.459;5.131;-4.615;32.388;6.216;5.166;42.063;7.079;17.350;41.122;7.110;19.152;41.302;10.738;24.049;40.603;13.207;22.244;40.537;11.587;20.582;40.753;9.956;21.031;41.936;7.324;18.796;43.688;10.840;23.956;42.082;14.233;21.863;41.327;11.662;19.342;42.158;9.742;19.492;42.860;8.256;18.138;45.806;11.444;22.477;43.657;14.761;21.134;42.981;12.620;19.206;43.981;10.692;19.447;43.511;8.371;17.497;47.433;12.146;20.791;46.583;15.207;20.980;45.150;14.144;19.484;45.236;12.059;18.701;43.758;9.219;17.123;45.203;12.614;16.277;44.645;15.340;18.421;42.728;16.434;20.063;0.000;0.000;0.000;-7.541;-12.235;-1.427;-9.730;-33.186;-1.107;-12.299;-57.780;-0.731;-11.585;-101.985;-8.849;7.656;-12.227;-2.071;9.442;-33.240;-1.237;11.538;-57.908;-0.259;10.624;-102.286;-8.794
803.000;32.120;-0.004;7.178;0.206;0.005;13.932;0.510;0.037;25.878;1.189;-0.275;41.772;1.505;-0.340;45.882;4.941;-0.005;52.289;6.709;-6.716;56.444;8.186;6.954;56.285;6.432;-2.168;58.292;15.171;4.360;58.216;14.334;-1.716;36.647;-0.212;-15.883;34.502;0.471;-20.169;21.188;-1.451;-24.905;6.472;-3.575;-33.022;6.766;6.268;-42.700;6.671;18.005;-41.966;5.983;19.636;-40.498;10.117;24.560;-39.435;12.519;23.230;-39.899;10.928;21.603;-40.300;9.469;22.315;-42.687;6.323;19.348;-42.899;10.738;24.820;-41.055;13.939;22.992;-41.329;12.105;20.907;-41.765;10.114;21.075;-43.395;7.113;18.352;-45.050;11.842;23.511;-43.003;14.674;22.057;-41.977;12.538;20.092;-42.987;10.685;19.606;-44.290;7.265;17.732;-46.754;12.758;21.985;-44.949;15.555;21.834;-43.846;14.596;19.872;-43.776;12.796;18.863;-44.600;9.177;18.088;-45.999;12.314;17.273;-44.929;15.264;17.952;-43.857;16.808;20.019;1.508;36.707;-0.064;15.674;33.784;1.583;19.628;19.877;-0.649;23.998;4.506;-3.116;31.404;3.808;7.180;40.363;2.478;19.948;39.349;2.491;21.705;39.712;5.656;26.900;39.504;8.316;25.261;39.326;6.878;23.444;39.244;5.209;23.785;40.203;2.617;21.406;42.104;5.425;26.920;41.084;9.144;25.054;40.176;6.925;22.301;40.899;4.958;22.381;41.284;3.465;20.855;44.369;5.820;25.600;42.784;9.483;24.462;41.933;7.670;22.285;42.665;5.612;22.380;41.981;3.534;20.257;46.178;6.432;24.062;45.752;9.543;24.466;44.289;8.841;22.799;44.102;6.829;21.859;42.315;4.388;19.969;44.277;7.594;19.511;44.021;10.172;21.901;42.143;11.333;23.543;0.000;0.000;0.000;-7.542;-12.237;-1.414;-9.715;-33.193;-1.063;-12.267;-57.794;-0.652;-11.570;-102.018;-8.710;7.654;-12.224;-2.099;9.449;-33.239;-1.253;11.555;-57.908;-0.260;10.653;-102.326;-8.651
804.000;32.160;-0.001;7.176;0.204;0.016;13.929;0.514;0.069;25.870;1.210;-0.225;41.765;1.526;-0.267;45.869;4.902;0.114;52.299;6.534;-6.596;56.463;7.988;7.074;56.292;6.238;-2.048;58.344;14.966;4.479;58.262;14.130;-1.675;36.641;-0.187;-15.854;34.483;0.721;-19.878;20.960;-0.551;-24.326;6.014;-1.957;-31.184;4.173;8.823;-39.275;1.541;21.621;-38.291;0.806;23.086;-36.951;4.453;28.390;-36.342;6.974;27.298;-36.732;5.703;25.445;-37.046;4.143;25.959;-39.085;1.044;22.916;-39.401;4.622;28.929;-38.251;8.259;27.367;-38.447;6.686;25.088;-38.501;4.644;24.997;-39.997;1.862;22.038;-41.792;5.497;27.942;-40.300;8.778;26.732;-39.256;7.059;24.455;-40.071;5.214;23.666;-40.972;1.909;21.538;-43.781;6.303;26.712;-42.402;9.338;26.816;-41.359;8.782;24.604;-41.063;7.218;23.288;-41.515;3.667;22.197;-43.437;6.602;21.927;-42.784;9.567;22.959;-41.729;10.973;25.132;1.549;36.698;-0.046;15.743;33.777;1.753;19.854;19.763;0.107;24.399;4.274;-1.712;30.017;2.027;9.588;36.720;-1.196;23.498;35.428;-1.294;25.072;35.276;1.195;30.640;35.578;3.993;29.325;35.550;2.799;27.332;35.152;1.146;27.479;36.325;-1.224;24.912;37.624;0.679;30.939;37.217;4.655;29.468;36.585;2.865;26.375;37.271;0.883;26.326;37.612;-0.420;24.626;40.086;0.958;30.031;38.996;4.847;29.169;38.378;3.453;26.641;38.935;1.342;26.549;38.399;-0.371;24.151;42.151;1.545;28.867;41.939;4.618;29.598;40.702;4.297;27.638;40.475;2.427;26.447;38.805;0.443;24.034;41.089;3.478;24.288;40.704;5.741;26.965;38.693;6.838;28.489;0.000;0.000;0.000;-7.543;-12.236;-1.410;-9.703;-33.196;-1.039;-12.239;-57.801;-0.604;-11.513;-102.046;-8.614;7.653;-12.225;-2.093;9.450;-33.241;-1.234;11.560;-57.912;-0.225;10.684;-102.357;-8.557
805.000;32.200;0.007;7.172;0.188;0.035;13.920;0.493;0.112;25.853;1.198;-0.188;41.748;1.509;-0.210;45.856;4.827;0.225;52.320;6.311;-6.477;56.501;7.749;7.192;56.300;6.001;-1.928;58.401;14.719;4.600;58.305;13.885;-1.637;36.623;-0.202;-15.802;34.369;0.968;-19.913;20.729;0.341;-24.458;5.652;-0.352;-28.843;2.526;11.517;-33.961;-1.604;25.549;-32.662;-2.395;26.718;-30.608;0.757;32.055;-30.300;3.239;31.114;-31.098;2.315;29.275;-31.402;0.701;29.589;-33.487;-2.211;26.727;-32.908;0.620;33.065;-32.325;4.454;31.783;-32.818;3.110;29.414;-32.760;1.135;28.886;-34.583;-1.398;26.135;-35.526;1.386;32.619;-34.432;4.892;31.590;-33.831;3.403;29.019;-34.720;1.730;27.969;-35.612;-1.381;25.825;-37.745;2.137;31.879;-36.571;5.205;32.080;-35.911;4.927;29.593;-35.799;3.651;27.973;-36.216;0.210;26.776;-38.314;2.994;27.166;-37.684;5.857;28.423;-36.333;7.089;30.535;1.587;36.681;-0.063;15.778;33.786;1.942;20.390;19.771;0.972;25.488;4.281;-0.101;28.325;1.196;12.151;31.596;-3.045;27.137;29.976;-3.228;28.360;28.620;-1.212;33.950;29.205;1.639;33.014;29.651;0.613;30.986;29.058;-0.982;30.858;30.888;-3.188;28.417;30.832;-1.886;34.739;30.794;2.208;33.592;30.875;0.691;30.323;31.625;-1.266;30.239;32.185;-2.413;28.537;33.422;-1.644;34.443;32.591;2.326;33.722;32.606;1.237;30.993;33.152;-0.872;30.813;33.057;-2.343;28.253;35.706;-1.049;33.824;35.380;1.962;34.797;34.539;1.858;32.598;34.512;0.078;31.257;33.527;-1.572;28.275;35.740;1.345;29.334;34.820;3.379;32.053;32.531;4.372;33.212;0.000;0.000;0.000;-7.549;-12.234;-1.392;-9.709;-33.189;-0.975;-12.245;-57.788;-0.485;-11.488;-102.054;-8.405;7.648;-12.239;-2.033;9.440;-33.248;-1.123;11.543;-57.912;-0.055;10.718;-102.369;-8.351
806.000;32.240;0.017;7.168;0.157;0.057;13.914;0.445;0.158;25.842;1.133;-0.155;41.736;1.478;-0.186;45.840;4.753;0.253;52.334;6.118;-6.447;56.530;7.523;7.225;56.306;5.796;-1.906;58.465;14.489;4.623;58.358;13.664;-1.595;36.613;-0.249;-15.720;34.202;1.119;-20.274;20.533;1.284;-25.307;5.425;1.467;-26.480;1.790;14.021;-27.804;-2.919;28.814;-26.233;-3.814;29.537;-22.850;-1.090;34.401;-22.708;1.385;33.462;-24.096;0.663;31.956;-24.450;-0.955;32.183;-27.023;-3.613;29.761;-24.802;-1.332;35.941;-24.460;2.561;34.852;-25.508;1.316;32.610;-25.866;-0.493;31.726;-28.211;-2.790;29.569;-27.457;-0.521;36.263;-26.443;3.054;35.284;-26.740;1.641;32.553;-27.982;0.239;31.466;-29.272;-2.720;29.524;-29.751;0.303;36.153;-28.479;3.311;36.296;-28.445;3.154;33.605;-28.894;2.130;31.869;-29.623;-1.198;30.711;-31.513;1.538;31.823;-30.502;4.271;33.107;-28.612;5.289;34.896;1.629;36.674;-0.099;15.766;33.727;2.191;21.101;19.806;2.105;26.997;4.421;2.010;26.395;1.195;14.656;25.472;-3.232;30.041;23.620;-3.522;30.767;20.608;-1.819;35.775;21.163;1.111;35.119;22.246;0.163;33.279;21.742;-1.417;32.880;24.473;-3.474;31.090;22.531;-2.454;37.161;22.532;1.711;36.174;23.636;0.316;33.057;24.530;-1.581;33.003;25.582;-2.614;31.575;25.064;-2.106;37.628;24.254;1.853;36.811;25.148;0.923;34.193;25.843;-1.147;34.087;26.494;-2.494;31.550;27.407;-1.382;37.691;26.630;1.566;38.647;26.402;1.507;36.281;26.884;-0.235;34.978;26.927;-1.731;31.776;28.561;1.230;33.463;26.811;3.081;35.901;24.231;3.913;36.376;0.000;0.000;0.000;-7.559;-12.231;-1.362;-9.729;-33.176;-0.888;-12.277;-57.764;-0.331;-11.481;-102.035;-8.195;7.641;-12.258;-1.941;9.425;-33.250;-0.971;11.519;-57.893;0.167;10.722;-102.349;-8.141
807.000;32.280;0.024;7.181;0.117;0.073;13.939;0.372;0.191;25.890;1.007;-0.107;41.783;1.405;-0.166;45.857;4.649;0.231;52.336;5.962;-6.464;56.539;7.370;7.206;56.302;5.630;-1.914;58.475;14.331;4.614;58.361;13.500;-1.542;36.668;-0.348;-15.595;34.215;1.113;-20.859;20.704;2.300;-26.678;5.770;3.611;-24.384;2.559;16.170;-21.643;-1.654;30.962;-20.025;-2.674;31.246;-15.134;-0.248;34.858;-15.102;2.181;33.832;-16.984;1.617;32.812;-17.424;0.046;33.177;-20.699;-2.412;31.686;-16.582;-0.320;36.895;-16.238;3.518;35.620;-17.888;2.205;33.736;-18.982;0.632;33.022;-21.789;-1.467;31.793;-18.958;0.720;37.900;-17.808;4.191;36.602;-19.261;2.689;34.153;-20.920;1.536;33.372;-22.830;-1.325;32.055;-21.104;1.728;38.467;-19.594;4.631;38.160;-20.320;4.421;35.486;-21.427;3.557;33.972;-22.648;0.279;33.243;-23.946;3.117;34.787;-22.358;5.751;35.653;-19.951;6.593;36.795;1.681;36.724;-0.179;15.695;33.641;2.439;21.973;20.014;3.592;28.912;4.953;4.865;24.689;2.240;16.988;19.394;-1.586;31.691;17.443;-2.009;31.834;12.847;-0.469;35.630;13.348;2.494;34.961;14.997;1.596;33.546;14.896;-0.053;33.120;18.147;-1.869;32.400;14.313;-0.862;37.525;14.269;3.246;36.355;16.347;1.900;33.835;17.353;0.064;33.971;18.985;-0.888;33.149;16.585;-0.247;38.743;15.710;3.590;37.469;17.460;2.666;35.330;18.328;0.671;35.538;19.848;-0.687;33.397;18.709;0.729;39.425;17.444;3.542;39.919;17.898;3.474;37.558;18.975;1.800;36.555;20.101;0.132;33.724;20.895;3.283;35.605;18.325;5.024;37.315;15.660;5.586;36.923;0.000;0.000;0.000;-7.567;-12.232;-1.313;-9.745;-33.173;-0.778;-12.303;-57.755;-0.149;-11.466;-102.015;-7.995;7.635;-12.276;-1.848;9.427;-33.240;-0.827;11.531;-57.851;0.373;10.748;-102.324;-7.940
808.000;32.320;0.026;7.203;0.080;0.082;13.982;0.294;0.220;25.973;0.847;-0.032;41.867;1.222;-0.119;45.921;4.447;0.235;52.354;5.762;-6.482;56.519;7.182;7.190;56.355;5.450;-1.946;58.449;14.154;4.583;58.371;13.326;-1.470;36.754;-0.535;-15.421;34.382;0.980;-21.694;21.371;3.360;-28.628;6.990;5.991;-23.164;4.675;17.741;-16.723;1.531;31.619;-15.172;0.356;31.548;-9.252;2.455;33.397;-9.315;4.753;32.284;-11.520;4.380;31.762;-11.964;2.894;32.389;-15.668;0.744;32.113;-10.114;2.761;35.769;-9.763;6.392;34.013;-11.948;4.983;32.698;-13.541;3.701;32.640;-16.630;1.853;32.430;-12.002;4.147;37.236;-10.767;7.349;35.266;-13.229;5.733;33.579;-15.141;4.758;33.285;-17.517;2.124;32.934;-13.808;5.445;38.275;-12.082;8.081;37.213;-13.579;7.734;34.830;-15.181;6.973;33.773;-16.866;3.762;33.857;-17.389;6.863;35.345;-15.361;9.328;35.447;-12.662;9.969;35.781;1.752;36.801;-0.341;15.553;33.680;2.572;22.862;20.672;5.227;30.941;6.294;8.163;23.588;4.287;18.870;14.543;1.318;31.866;12.636;0.707;31.441;7.087;2.075;33.583;7.469;4.957;32.804;9.519;4.125;32.020;9.860;2.455;31.951;13.137;0.991;32.150;7.928;1.975;35.925;7.946;5.886;34.373;10.642;4.665;32.669;11.677;2.884;33.068;13.640;2.068;33.040;9.716;2.949;37.613;8.940;6.563;35.779;11.290;5.634;34.323;12.217;3.756;34.947;14.377;2.391;33.489;11.455;4.205;38.765;9.866;6.900;38.553;10.951;6.706;36.415;12.432;5.092;36.003;14.499;3.266;33.766;14.410;6.643;35.430;11.369;8.270;36.161;8.890;8.419;34.976;0.000;0.000;0.000;-7.565;-12.238;-1.267;-9.747;-33.177;-0.666;-12.308;-57.757;0.040;-11.456;-102.000;-7.821;7.638;-12.285;-1.778;9.439;-33.239;-0.683;11.553;-57.838;0.603;10.757;-102.325;-7.756
809.000;32.360;0.030;7.217;0.049;0.095;14.010;0.222;0.256;26.025;0.688;0.022;41.922;0.968;-0.092;45.974;4.191;0.231;52.364;5.560;-6.507;56.487;7.000;7.168;56.398;5.289;-1.991;58.387;13.993;4.540;58.344;13.176;-1.409;36.801;-0.770;-15.254;34.534;0.791;-22.788;22.378;4.379;-31.115;8.942;8.345;-23.134;7.733;18.661;-13.755;5.915;30.927;-12.377;4.567;30.716;-6.051;6.235;30.651;-6.228;8.403;29.263;-8.521;8.154;29.366;-8.849;6.800;30.292;-12.686;5.084;31.310;-6.225;7.007;33.106;-6.112;10.215;30.775;-8.635;8.827;30.159;-10.321;7.880;30.824;-13.393;6.287;31.611;-7.589;8.811;34.737;-6.578;11.559;31.930;-9.675;9.904;31.308;-11.664;9.077;31.536;-14.106;6.766;32.236;-8.952;10.423;35.925;-7.397;12.652;34.018;-9.469;12.091;32.143;-11.349;11.398;31.646;-13.186;8.463;32.709;-13.063;11.795;33.711;-10.921;14.003;32.887;-8.181;14.381;32.489;1.811;36.844;-0.553;15.450;33.856;2.613;23.768;21.758;6.774;32.961;8.386;11.372;23.376;7.066;20.226;11.635;4.936;31.002;9.916;4.130;30.276;4.013;5.393;30.775;4.346;8.128;29.661;6.572;7.357;29.545;7.032;5.731;29.779;10.218;4.510;31.051;4.253;5.613;33.243;4.403;9.303;31.175;7.440;8.142;30.379;8.407;6.406;31.051;10.418;5.703;31.802;5.490;6.884;35.147;5.031;10.216;32.771;7.690;9.270;32.021;8.542;7.539;33.047;11.011;6.139;32.355;6.853;8.412;36.539;5.296;10.915;35.553;6.754;10.556;33.645;8.330;8.982;33.699;11.070;7.087;32.521;10.456;10.623;33.677;7.215;12.062;33.439;5.124;11.982;31.652;0.000;0.000;0.000;-7.565;-12.242;-1.230;-9.752;-33.181;-0.567;-12.318;-57.761;0.211;-11.461;-102.009;-7.683;7.638;-12.292;-1.724;9.436;-33.242;-0.516;11.547;-57.835;0.902;10.760;-102.321;-7.633
810.000;32.400;0.039;7.218;0.011;0.111;14.011;0.144;0.285;26.029;0.536;0.044;41.927;0.692;-0.099;46.004;3.940;0.195;52.373;5.406;-6.549;56.480;6.862;7.126;56.420;5.149;-2.036;58.361;13.861;4.495;58.332;13.043;-1.374;36.792;-1.016;-15.133;34.676;0.559;-23.965;23.686;5.184;-33.728;11.540;10.297;-24.117;11.306;19.015;-12.812;10.662;29.471;-11.549;9.221;29.260;-5.290;10.394;27.752;-5.637;12.345;26.096;-7.912;12.241;26.665;-8.080;11.072;27.849;-11.715;9.839;29.812;-4.974;11.602;30.042;-5.147;14.341;27.103;-7.841;13.056;27.235;-9.412;12.396;28.366;-12.329;11.131;30.018;-5.883;13.713;31.542;-5.303;15.933;28.102;-8.619;14.342;28.444;-10.570;13.654;29.085;-12.881;11.752;30.679;-6.943;15.559;32.613;-5.804;17.332;30.155;-8.119;16.630;28.755;-10.098;16.042;28.698;-11.797;13.419;30.642;-11.360;16.850;30.994;-9.312;18.727;29.422;-6.706;18.896;28.430;1.844;36.839;-0.778;15.363;34.083;2.559;24.591;23.075;7.951;34.791;10.908;13.911;23.895;10.157;21.044;10.556;8.731;29.768;9.011;7.781;28.820;3.113;8.934;28.217;3.590;11.515;26.866;5.770;10.762;27.199;6.206;9.247;27.851;9.165;8.274;29.574;2.927;9.369;30.562;3.364;12.784;28.115;6.481;11.782;28.026;7.323;10.083;28.921;9.257;9.605;30.291;3.639;10.906;32.576;3.714;13.975;29.765;6.475;13.034;29.594;7.185;11.436;30.906;9.734;10.099;30.905;4.790;12.634;33.919;3.427;15.019;32.393;5.325;14.567;30.976;6.919;13.193;31.711;9.714;11.021;30.899;8.856;14.645;31.507;5.725;15.892;30.471;3.922;15.622;28.410;0.000;0.000;0.000;-7.579;-12.238;-1.179;-9.777;-33.169;-0.489;-12.357;-57.740;0.321;-11.492;-101.979;-7.591;7.625;-12.310;-1.651;9.402;-33.256;-0.335;11.488;-57.844;1.210;10.729;-102.296;-7.548
811.000;32.440;0.045;7.213;-0.025;0.124;14.004;0.066;0.308;26.017;0.370;0.077;41.916;0.382;-0.091;46.028;3.666;0.164;52.384;5.245;-6.589;56.474;6.710;7.088;56.444;5.003;-2.082;58.344;13.716;4.449;58.330;12.901;-1.336;36.767;-1.286;-15.029;34.879;0.260;-25.029;25.202;5.524;-36.082;14.506;11.343;-25.628;14.973;18.768;-13.321;15.183;27.762;-12.138;13.641;27.657;-6.101;14.392;25.154;-6.644;16.075;23.314;-8.874;16.165;24.178;-8.916;15.125;25.487;-12.220;14.344;28.121;-5.450;15.826;27.134;-5.982;18.178;23.957;-8.695;17.017;24.561;-10.117;16.641;25.981;-12.741;15.684;28.194;-6.141;18.135;28.379;-5.914;19.915;24.627;-9.246;18.472;25.688;-11.119;17.927;26.629;-13.199;16.449;28.836;-6.973;20.263;29.349;-6.046;21.577;26.448;-8.612;20.783;25.557;-10.599;20.284;25.812;-12.108;18.023;28.378;-11.507;21.469;28.084;-9.603;23.046;26.050;-7.195;22.889;24.641;1.881;36.814;-1.033;15.281;34.321;2.389;25.344;24.428;8.525;36.465;13.494;15.306;24.933;13.203;21.211;10.809;12.344;28.486;9.391;11.279;27.507;3.686;12.289;25.939;4.259;14.680;24.385;6.342;14.016;25.155;6.697;12.569;25.986;9.450;11.840;28.226;3.072;12.957;28.254;3.868;16.113;25.571;6.944;15.212;25.928;7.659;13.552;26.992;9.412;13.186;28.712;3.647;14.748;30.191;4.022;17.483;27.139;6.786;16.558;27.380;7.355;15.106;28.912;9.813;13.772;29.299;4.555;16.572;31.471;3.428;18.776;29.555;5.452;18.197;28.375;6.939;16.883;29.390;9.765;14.733;29.314;8.912;18.384;29.391;5.936;19.535;27.876;4.428;18.977;25.643;0.000;0.000;0.000;-7.587;-12.236;-1.151;-9.804;-33.155;-0.464;-12.407;-57.713;0.342;-11.535;-101.959;-7.593;7.619;-12.325;-1.571;9.374;-33.260;-0.215;11.435;-57.835;1.377;10.692;-102.268;-7.541
812.000;32.480;0.050;7.211;-0.048;0.132;13.999;0.000;0.322;26.010;0.204;0.112;41.908;0.064;-0.080;46.052;3.379;0.137;52.385;5.075;-6.622;56.462;6.548;7.056;56.454;4.854;-2.124;58.313;13.565;4.408;58.308;12.756;-1.302;36.745;-1.561;-14.962;35.058;-0.134;-25.948;26.590;5.221;-38.091;17.230;11.140;-27.407;18.373;17.908;-14.821;19.414;26.181;-13.685;17.857;26.231;-7.953;17.939;23.145;-8.399;19.533;21.244;-10.475;19.825;22.331;-10.426;18.975;23.770;-13.727;18.623;26.588;-6.972;19.814;24.994;-7.734;21.728;21.462;-10.429;20.723;22.423;-11.762;20.576;23.967;-14.226;19.977;26.501;-7.527;22.304;25.960;-7.570;23.498;21.972;-10.865;22.256;23.443;-12.677;21.855;24.559;-14.622;20.826;27.041;-8.271;24.501;26.639;-7.482;25.418;23.452;-10.129;24.598;22.884;-12.111;24.179;23.285;-13.525;22.305;26.274;-12.859;25.648;25.472;-11.112;26.867;23.107;-8.785;26.471;21.612;1.915;36.790;-1.296;15.244;34.470;2.144;26.042;25.490;8.463;37.977;15.565;15.447;26.253;15.871;20.749;11.879;15.752;27.333;10.507;14.594;26.340;4.758;15.578;24.464;5.671;17.776;22.600;7.668;17.160;23.552;7.981;15.772;24.492;10.540;15.236;26.991;4.150;16.536;26.625;5.240;19.281;23.524;8.256;18.465;24.253;8.851;16.849;25.449;10.497;16.645;27.392;4.706;18.426;28.361;5.330;20.839;25.115;8.051;19.902;25.619;8.512;18.586;27.302;10.875;17.270;27.953;5.544;20.322;29.494;4.583;22.382;27.361;6.649;21.660;26.341;8.029;20.395;27.550;10.872;18.234;27.840;10.053;21.876;27.542;7.196;22.933;25.774;5.807;22.130;23.539;0.000;0.000;0.000;-7.590;-12.233;-1.159;-9.821;-33.148;-0.480;-12.440;-57.700;0.317;-11.571;-101.936;-7.694;7.617;-12.333;-1.514;9.353;-33.255;-0.188;11.391;-57.814;1.369;10.639;-102.267;-7.639
813.000;32.520;0.052;7.209;-0.062;0.133;13.996;-0.045;0.315;26.003;0.080;0.121;41.900;-0.187;-0.090;46.072;3.155;0.105;52.387;4.946;-6.659;56.460;6.411;7.024;56.457;4.754;-2.180;58.291;13.446;4.354;58.290;12.655;-1.290;36.726;-1.778;-14.958;35.187;-0.535;-26.719;27.577;4.309;-39.718;19.165;9.663;-29.349;21.282;16.486;-17.136;23.513;24.876;-15.992;21.985;25.131;-10.055;21.905;22.282;-10.531;23.063;20.145;-12.820;23.412;21.047;-12.828;22.650;22.536;-16.051;22.791;25.382;-9.281;23.798;23.728;-10.028;25.206;19.980;-12.761;24.360;21.070;-14.048;24.382;22.659;-16.573;24.131;25.129;-9.884;26.405;24.352;-9.897;27.123;20.273;-13.179;25.955;21.828;-14.972;25.668;23.009;-16.979;25.025;25.538;-10.687;28.719;24.651;-9.852;29.167;21.453;-12.459;28.250;21.003;-14.435;27.861;21.458;-15.856;26.431;24.619;-15.270;29.627;23.333;-13.489;30.467;20.837;-11.156;29.987;19.376;1.926;36.770;-1.497;15.246;34.536;1.909;26.668;26.063;7.785;39.293;16.698;14.280;27.775;17.970;19.642;13.620;19.059;26.336;12.182;17.885;25.434;6.617;18.901;23.449;7.482;20.920;21.481;9.504;20.330;22.466;9.770;19.032;23.540;12.253;18.580;26.023;5.937;20.179;25.632;7.123;22.523;22.231;10.110;21.696;22.974;10.623;20.140;24.283;12.247;19.969;26.287;6.643;22.200;27.106;7.275;24.234;23.664;9.960;23.222;24.222;10.393;22.052;26.016;12.665;20.636;26.765;7.544;24.135;28.107;6.617;26.035;25.713;8.670;25.060;24.833;9.943;23.855;26.210;12.791;21.587;26.601;12.080;25.253;25.979;9.323;26.303;24.087;7.875;25.345;21.951;0.000;0.000;0.000;-7.591;-12.231;-1.174;-9.829;-33.142;-0.523;-12.456;-57.690;0.241;-11.582;-101.902;-7.879;7.617;-12.338;-1.478;9.337;-33.247;-0.223;11.357;-57.792;1.250;10.614;-102.236;-7.821
814.000;32.560;0.054;7.205;-0.059;0.131;13.989;-0.057;0.303;25.991;0.019;0.111;41.887;-0.326;-0.114;46.078;3.043;0.074;52.380;4.918;-6.695;56.453;6.359;6.994;56.449;4.752;-2.241;58.283;13.410;4.296;58.281;12.643;-1.293;36.705;-1.897;-15.016;35.262;-0.879;-27.259;27.964;2.960;-40.791;19.897;7.203;-31.339;23.439;14.599;-20.231;27.397;23.702;-19.047;25.954;24.239;-12.910;25.820;21.919;-13.309;26.663;19.423;-15.615;27.016;20.305;-15.641;26.260;21.796;-19.166;26.781;24.368;-12.344;27.959;23.147;-12.798;28.835;19.229;-15.567;28.014;20.109;-16.910;28.149;21.645;-19.695;28.044;23.912;-12.993;30.553;23.394;-12.798;30.804;19.248;-16.108;29.604;20.628;-17.936;29.375;21.767;-20.181;28.964;24.161;-14.029;32.867;23.253;-12.896;32.936;20.098;-15.416;31.886;19.581;-17.402;31.460;19.954;-19.070;30.278;23.116;-18.474;33.359;21.510;-16.568;33.966;18.999;-14.023;33.389;18.003;1.921;36.750;-1.604;15.306;34.529;1.692;27.128;26.014;6.525;40.194;16.602;11.868;29.399;19.341;17.936;16.095;22.253;25.552;14.496;21.184;24.908;8.824;22.523;23.168;9.838;24.233;20.900;11.854;23.509;21.812;12.062;22.304;23.002;14.665;21.909;25.439;8.593;23.930;25.066;9.672;26.004;21.497;12.660;24.952;22.096;13.127;23.453;23.486;14.802;23.277;25.485;9.519;26.072;26.346;10.059;27.767;22.741;12.666;26.561;23.250;13.145;25.520;25.111;15.309;23.949;25.858;10.668;28.054;27.108;9.754;29.763;24.661;11.587;28.542;23.645;12.864;27.250;24.937;15.495;24.885;25.598;15.087;28.506;24.630;12.306;29.649;22.821;10.579;28.670;20.916;0.000;0.000;0.000;-7.595;-12.226;-1.201;-9.841;-33.137;-0.597;-12.477;-57.683;0.113;-11.619;-101.884;-8.111;7.613;-12.339;-1.484;9.321;-33.242;-0.301;11.326;-57.781;1.087;10.577;-102.218;-8.051
815.000;32.600;0.054;7.199;-0.047;0.128;13.976;-0.051;0.289;25.967;-0.009;0.091;41.861;-0.405;-0.142;46.072;2.992;0.038;52.372;4.936;-6.735;56.441;6.366;6.957;56.445;4.797;-2.302;58.260;13.432;4.237;58.262;12.683;-1.309;36.673;-1.961;-15.076;35.257;-1.181;-27.423;27.719;1.391;-41.069;19.388;4.233;-33.211;24.621;12.374;-24.024;30.630;22.362;-22.856;29.393;23.274;-16.450;29.368;21.888;-16.492;29.956;19.268;-18.925;30.243;19.839;-19.114;29.542;21.346;-23.039;30.219;23.266;-16.179;31.770;22.881;-16.150;32.121;18.889;-18.932;31.211;19.406;-20.380;31.401;20.838;-23.571;31.335;22.569;-17.106;34.321;22.600;-16.275;34.111;18.633;-19.588;32.717;19.575;-21.497;32.496;20.574;-24.134;32.217;22.604;-18.232;36.496;22.039;-16.727;36.297;19.114;-18.965;34.987;18.434;-20.951;34.468;18.656;-22.961;33.542;21.570;-22.352;36.370;19.655;-20.118;36.872;17.427;-17.452;36.292;16.823;1.904;36.721;-1.664;15.423;34.487;1.473;27.204;25.367;4.826;40.226;15.287;8.531;30.959;19.817;15.788;19.514;24.960;24.924;17.713;24.009;24.613;12.009;25.857;23.567;12.889;27.271;21.035;14.997;26.389;21.650;15.282;25.307;22.937;18.044;24.769;24.998;12.233;27.572;25.357;13.051;29.186;21.580;15.954;27.725;21.666;16.449;26.296;23.119;18.358;26.127;24.922;13.529;29.676;26.218;13.758;30.886;22.347;16.252;29.417;22.662;16.891;28.532;24.556;18.987;26.764;25.140;15.046;31.532;26.532;13.953;33.090;24.030;15.550;31.637;22.996;16.894;30.408;24.280;19.225;27.639;24.783;19.026;31.172;23.406;16.132;32.418;21.896;14.087;31.521;20.287;0.000;0.000;0.000;-7.597;-12.221;-1.240;-9.853;-33.136;-0.696;-12.501;-57.689;-0.059;-11.654;-101.856;-8.382;7.611;-12.337;-1.513;9.312;-33.238;-0.418;11.308;-57.774;0.867;10.543;-102.200;-8.319
816.000;32.640;0.057;7.190;-0.026;0.134;13.959;-0.027;0.300;25.934;0.002;0.100;41.827;-0.433;-0.134;46.055;2.988;0.031;52.356;4.987;-6.748;56.407;6.440;6.944;56.439;4.856;-2.310;58.205;13.509;4.228;58.220;12.753;-1.303;36.636;-1.974;-15.127;35.155;-1.383;-27.141;26.934;-0.091;-40.420;17.847;1.338;-34.777;24.670;10.079;-28.280;32.593;20.784;-27.191;31.568;22.018;-20.664;32.102;21.665;-20.238;32.410;19.032;-22.742;32.499;19.290;-23.090;31.781;20.760;-27.440;32.366;21.884;-20.782;34.593;22.416;-20.069;34.478;18.462;-22.821;33.434;18.680;-24.386;33.615;19.984;-27.907;33.344;21.004;-21.812;37.001;21.760;-20.379;36.508;18.067;-23.554;34.795;18.513;-25.533;34.506;19.343;-28.553;34.184;20.833;-23.023;38.969;20.780;-20.998;38.487;18.230;-23.023;37.080;17.342;-24.968;36.388;17.386;-27.372;35.495;19.888;-26.638;38.161;17.751;-24.099;38.703;15.877;-21.333;38.314;15.801;1.911;36.684;-1.683;15.575;34.389;1.234;26.704;24.221;2.977;39.005;12.984;4.903;32.240;19.240;13.464;23.880;26.530;24.266;21.945;25.825;24.420;16.405;28.414;24.406;16.891;29.506;21.567;18.886;28.385;21.959;19.220;27.360;23.281;22.446;26.557;24.641;17.277;30.206;25.924;17.448;31.352;21.853;20.143;29.535;21.540;20.730;28.126;22.979;22.923;27.846;24.387;19.033;32.120;26.248;18.464;33.022;22.316;20.751;31.217;22.313;21.636;30.411;24.142;23.659;28.399;24.406;20.754;33.771;26.057;19.323;35.348;23.704;20.413;33.495;22.607;21.746;32.096;23.717;23.881;29.238;23.908;23.945;32.666;22.247;20.841;34.148;21.318;18.433;33.454;20.180;0.000;0.000;0.000;-7.603;-12.213;-1.281;-9.862;-33.130;-0.811;-12.514;-57.686;-0.259;-11.679;-101.863;-8.646;7.605;-12.334;-1.567;9.300;-33.234;-0.563;11.289;-57.769;0.617;10.508;-102.187;-8.590
817.000;32.680;0.057;7.181;-0.002;0.137;13.941;0.008;0.309;25.902;0.039;0.112;41.796;-0.392;-0.118;46.029;3.043;0.025;52.336;5.061;-6.757;56.370;6.552;6.928;56.434;4.914;-2.295;58.158;13.608;4.240;58.189;12.826;-1.299;36.605;-1.928;-15.193;34.979;-1.506;-26.480;25.847;-1.315;-38.954;15.754;-1.104;-35.936;23.639;8.018;-32.608;32.828;19.151;-31.676;32.001;20.637;-25.270;33.258;21.376;-24.343;33.473;18.824;-26.864;33.369;18.799;-27.423;32.658;20.205;-31.975;32.757;20.404;-25.756;35.705;21.923;-24.292;35.493;18.163;-26.913;34.192;17.930;-28.607;34.274;19.074;-32.352;33.631;19.366;-26.930;37.987;20.841;-24.852;37.446;17.611;-27.734;35.373;17.559;-29.765;34.953;18.184;-33.035;34.384;19.031;-28.057;39.712;19.613;-25.596;39.362;17.490;-27.233;37.738;16.388;-29.081;36.837;16.196;-31.844;35.771;18.238;-30.990;38.370;16.063;-28.192;39.064;14.593;-25.433;39.038;15.037;1.916;36.652;-1.650;15.748;34.219;0.958;25.647;22.891;1.299;36.589;10.372;1.675;33.095;17.699;11.278;28.771;26.313;23.395;26.876;25.887;24.066;21.857;29.242;25.233;21.838;30.224;22.320;23.656;28.833;22.237;24.197;27.827;23.504;27.508;26.546;24.122;23.307;30.917;26.353;22.758;31.963;22.353;24.964;29.737;21.491;25.672;28.291;22.835;28.112;27.764;23.662;25.340;32.660;26.166;23.916;33.469;22.385;25.846;31.321;22.018;26.998;30.467;23.668;28.899;28.210;23.486;27.176;33.991;25.439;25.419;35.661;23.447;25.988;33.699;22.229;27.383;32.129;22.973;29.024;28.987;22.885;29.070;32.333;21.113;26.142;34.219;20.768;23.457;33.829;20.307;0.000;0.000;0.000;-7.606;-12.208;-1.317;-9.868;-33.130;-0.916;-12.525;-57.692;-0.445;-11.708;-101.848;-8.905;7.602;-12.327;-1.632;9.296;-33.226;-0.725;11.286;-57.759;0.339;10.482;-102.166;-8.852
818.000;32.720;0.056;7.172;0.022;0.138;13.924;0.050;0.318;25.869;0.109;0.129;41.763;-0.289;-0.088;45.997;3.152;0.039;52.317;5.162;-6.743;56.337;6.687;6.934;56.429;4.989;-2.253;58.126;13.725;4.279;58.170;12.915;-1.295;36.577;-1.827;-15.276;34.796;-1.406;-25.533;24.707;-2.154;-36.871;13.555;-2.982;-36.625;21.692;6.430;-36.619;31.146;17.862;-35.840;30.456;19.490;-29.895;32.537;21.269;-28.561;32.985;18.934;-31.004;32.602;18.569;-31.792;31.841;19.833;-36.207;31.167;19.216;-30.794;34.894;21.676;-28.684;34.953;18.274;-30.951;33.350;17.515;-32.736;33.180;18.499;-36.528;31.973;18.113;-32.029;36.968;20.420;-29.477;36.768;17.614;-31.870;34.332;17.050;-33.895;33.671;17.439;-37.237;32.632;17.660;-33.196;38.619;19.023;-30.447;38.651;17.268;-31.522;36.853;15.984;-33.175;35.691;15.559;-36.081;34.160;17.053;-35.260;36.890;15.024;-32.394;37.951;14.010;-29.776;38.332;14.910;1.922;36.621;-1.569;15.864;34.027;0.753;24.200;21.678;0.075;33.414;8.029;-0.673;33.485;15.348;9.568;33.562;23.949;22.465;31.841;23.805;23.547;27.858;27.902;25.798;27.370;29.037;22.990;28.849;27.343;22.464;29.462;26.218;23.591;32.569;24.351;23.464;29.765;29.272;26.596;28.509;30.663;22.795;30.083;28.010;21.516;30.809;26.421;22.677;33.245;25.512;22.871;31.868;30.593;25.996;29.857;31.854;22.592;31.249;29.396;21.858;32.541;28.322;23.255;34.042;25.828;22.536;33.770;31.713;24.896;31.903;33.750;23.350;31.932;31.747;22.084;33.143;29.921;22.489;34.170;26.564;21.961;34.379;29.953;20.233;31.811;32.307;20.560;29.066;32.428;20.712;0.000;0.000;0.000;-7.606;-12.205;-1.338;-9.866;-33.132;-0.997;-12.519;-57.698;-0.597;-11.731;-101.832;-9.121;7.600;-12.319;-1.700;9.308;-33.220;-0.882;11.311;-57.756;0.077;10.460;-102.165;-9.062
819.000;32.760;0.054;7.171;0.047;0.131;13.923;0.106;0.302;25.867;0.227;0.100;41.763;-0.068;-0.089;45.978;3.350;0.050;52.320;5.268;-6.731;56.336;6.806;6.939;56.440;5.055;-2.217;58.154;13.821;4.311;58.204;12.985;-1.334;36.586;-1.627;-15.393;34.659;-1.123;-24.467;23.693;-2.589;-34.496;11.572;-4.208;-36.921;19.043;5.506;-40.083;27.654;17.246;-39.426;26.961;18.935;-34.206;29.877;21.669;-32.648;30.685;19.591;-34.906;30.019;18.837;-35.871;29.124;19.868;-39.848;27.627;18.626;-35.516;31.991;21.995;-32.979;32.579;19.003;-34.777;30.804;17.749;-36.574;30.280;18.572;-40.163;28.501;17.500;-36.871;33.948;20.678;-34.000;34.262;18.299;-35.755;31.591;17.240;-37.696;30.640;17.383;-40.914;29.077;16.993;-38.073;35.482;19.207;-35.203;36.049;17.870;-35.745;34.246;16.395;-37.130;32.857;15.752;-39.935;30.802;16.659;-39.280;33.711;14.876;-36.544;35.293;14.368;-34.132;35.970;15.607;1.886;36.631;-1.395;15.909;33.922;0.682;22.655;20.811;-0.625;30.111;6.320;-2.070;33.462;12.523;8.397;37.568;19.738;21.543;36.121;19.817;22.929;33.449;24.308;26.130;32.690;25.794;23.539;33.683;23.921;22.593;34.205;22.591;23.526;36.919;20.227;22.755;35.642;25.220;26.634;33.981;27.213;23.224;34.828;24.381;21.567;35.495;22.627;22.504;37.655;21.291;22.075;37.861;26.231;25.710;35.494;28.129;22.826;36.200;25.502;21.729;37.476;24.127;22.851;38.430;21.487;21.619;39.688;27.073;24.351;38.037;29.566;23.298;37.467;27.680;22.008;38.327;25.624;22.055;38.566;22.249;21.103;39.107;25.680;19.548;37.147;28.443;20.553;34.531;29.007;21.195;0.000;0.000;0.000;-7.608;-12.204;-1.341;-9.860;-33.134;-1.044;-12.503;-57.705;-0.695;-11.757;-101.848;-9.262;7.597;-12.311;-1.772;9.316;-33.216;-1.014;11.335;-57.756;-0.123;10.441;-102.168;-9.207
820.000;32.800;0.046;7.176;0.075;0.115;13.931;0.175;0.268;25.882;0.389;0.059;41.780;0.220;-0.092;45.961;3.603;0.078;52.314;5.414;-6.706;56.327;6.946;6.959;56.446;5.155;-2.174;58.198;13.937;4.351;58.255;13.081;-1.388;36.614;-1.365;-15.491;34.620;-0.790;-23.340;22.881;-2.643;-32.016;9.907;-4.691;-36.903;15.819;5.274;-42.965;22.514;17.252;-42.401;21.776;18.948;-38.128;25.237;22.601;-36.530;26.553;20.799;-38.444;25.642;19.624;-39.470;24.563;20.385;-42.904;22.388;18.651;-39.836;27.061;22.920;-37.073;28.384;20.306;-38.357;26.563;18.636;-40.032;25.576;19.271;-43.224;23.294;17.573;-41.374;28.919;21.638;-38.361;29.855;19.646;-39.393;27.152;18.138;-41.142;25.886;17.979;-44.012;23.787;17.018;-42.629;30.308;20.137;-39.836;31.534;19.196;-39.829;29.864;17.540;-40.851;28.305;16.651;-43.323;25.686;16.958;-43.058;28.835;15.518;-40.595;30.915;15.506;-38.503;31.862;17.098;1.833;36.659;-1.165;15.924;33.885;0.741;21.357;20.286;-0.796;27.363;5.255;-2.495;33.105;9.473;7.963;40.122;14.210;21.060;38.897;14.386;22.634;37.506;18.823;26.590;36.804;20.768;24.277;37.279;18.899;23.037;37.624;17.403;23.782;39.734;14.663;22.390;39.854;19.319;26.939;38.170;21.996;23.943;38.315;19.247;21.949;38.840;17.345;22.658;40.559;15.666;21.713;42.163;20.062;25.766;39.801;22.653;23.430;39.806;20.082;21.991;40.922;18.402;22.834;41.298;15.777;21.174;43.907;20.702;24.221;42.612;23.580;23.683;41.621;21.982;22.298;42.080;19.819;22.021;41.490;16.564;20.717;42.488;20.018;19.435;41.201;22.920;20.935;38.857;23.856;22.032;0.000;0.000;0.000;-7.604;-12.207;-1.334;-9.846;-33.143;-1.064;-12.479;-57.720;-0.747;-11.766;-101.864;-9.332;7.598;-12.299;-1.851;9.328;-33.218;-1.111;11.359;-57.775;-0.243;10.433;-102.193;-9.279
821.000;32.840;0.040;7.183;0.102;0.104;13.944;0.244;0.251;25.905;0.554;0.056;41.805;0.488;-0.060;45.953;3.833;0.139;52.310;5.539;-6.644;56.328;7.068;7.015;56.445;5.234;-2.092;58.243;14.033;4.430;58.299;13.157;-1.409;36.650;-1.118;-15.542;34.646;-0.467;-22.283;22.250;-2.269;-29.733;8.549;-4.260;-36.529;12.186;5.826;-44.780;16.115;17.889;-44.174;15.327;19.539;-41.065;19.123;23.905;-39.742;20.977;22.440;-41.169;19.937;20.845;-42.174;18.681;21.300;-44.772;15.857;19.256;-43.158;20.504;24.289;-40.607;22.692;22.068;-41.325;20.989;20.046;-42.619;19.477;20.516;-45.236;16.774;18.258;-44.964;22.124;23.016;-42.126;23.888;21.425;-42.404;21.331;19.590;-43.801;19.739;19.138;-46.076;17.146;17.686;-46.409;23.391;21.580;-43.947;25.312;20.995;-43.404;23.931;19.201;-43.957;22.281;18.090;-45.836;19.142;17.896;-46.197;22.426;16.817;-44.229;24.949;17.217;-42.533;26.125;19.100;1.813;36.691;-0.944;15.954;33.867;0.872;20.513;19.982;-0.613;25.552;4.635;-2.254;32.509;6.416;8.220;40.959;8.142;21.280;39.885;8.298;22.960;39.548;12.285;27.597;39.136;14.615;25.572;39.159;12.915;24.073;39.294;11.302;24.611;40.742;8.460;22.687;41.940;12.326;27.794;40.556;15.698;25.325;40.140;13.249;22.985;40.485;11.237;23.465;41.697;9.379;22.071;44.258;12.811;26.514;42.301;16.089;24.755;41.701;13.809;22.955;42.553;11.873;23.505;42.412;9.443;21.494;46.042;13.383;24.936;45.269;16.492;24.862;43.988;15.317;23.330;44.082;13.186;22.684;42.707;10.228;21.116;44.227;13.627;20.258;43.575;16.491;22.217;41.475;17.605;23.603;0.000;0.000;0.000;-7.599;-12.211;-1.327;-9.828;-33.153;-1.062;-12.445;-57.737;-0.750;-11.762;-101.895;-9.334;7.600;-12.286;-1.926;9.339;-33.222;-1.185;11.380;-57.799;-0.315;10.427;-102.227;-9.276
822.000;32.880;0.035;7.183;0.124;0.097;13.944;0.304;0.243;25.905;0.704;0.055;41.804;0.709;-0.034;45.931;4.014;0.198;52.300;5.615;-6.580;56.324;7.150;7.075;56.431;5.276;-2.007;58.263;14.095;4.513;58.314;13.200;-1.421;36.658;-0.912;-15.583;34.641;-0.143;-21.390;21.724;-1.494;-27.808;7.447;-2.987;-35.704;8.555;7.067;-45.163;9.445;19.045;-44.494;8.637;20.649;-42.513;12.481;25.600;-41.621;14.669;24.396;-42.526;13.715;22.416;-43.428;12.317;22.581;-45.181;9.052;20.380;-44.850;13.317;25.937;-42.719;16.237;24.131;-43.092;14.762;21.884;-43.745;12.843;22.152;-45.774;9.920;19.468;-46.912;14.655;24.685;-44.443;17.127;23.467;-44.135;14.862;21.422;-45.081;13.066;20.669;-46.647;10.182;18.858;-48.545;15.758;23.268;-46.579;18.233;23.047;-45.624;17.206;21.171;-45.693;15.598;19.878;-46.858;12.135;19.255;-47.908;15.388;18.500;-46.585;18.219;19.269;-45.252;19.455;21.390;1.803;36.696;-0.755;15.979;33.817;1.091;20.248;19.802;-0.127;24.966;4.311;-1.475;32.000;3.830;9.187;40.474;2.768;22.405;39.465;2.831;24.106;39.635;6.093;29.293;39.604;8.681;27.587;39.424;7.284;25.836;39.265;5.613;26.141;40.343;2.894;23.859;42.028;5.751;29.400;41.059;9.656;27.546;40.378;7.639;24.859;40.589;5.569;25.120;41.378;3.748;23.362;44.348;6.066;28.214;42.925;9.806;26.983;41.981;7.983;24.822;42.560;5.890;25.075;42.097;3.796;22.788;46.240;6.617;26.717;45.914;9.752;27.082;44.516;9.052;25.373;44.324;7.057;24.397;42.487;4.594;22.505;44.522;7.807;22.166;44.292;10.413;24.539;42.341;11.569;26.097;0.000;0.000;0.000;-7.593;-12.214;-1.329;-9.808;-33.164;-1.042;-12.408;-57.757;-0.705;-11.744;-101.932;-9.259;7.605;-12.275;-1.974;9.349;-33.223;-1.224;11.397;-57.814;-0.343;10.440;-102.270;-9.197
823.000;32.920;0.033;7.179;0.138;0.096;13.935;0.351;0.248;25.886;0.832;0.056;41.785;0.893;-0.013;45.901;4.164;0.267;52.291;5.668;-6.504;56.326;7.199;7.148;56.415;5.309;-1.922;58.279;14.134;4.598;58.322;13.231;-1.421;36.644;-0.744;-15.610;34.559;0.199;-20.713;21.275;-0.569;-26.354;6.593;-1.418;-34.167;5.219;8.844;-43.438;3.150;21.018;-42.613;2.275;22.524;-41.310;5.750;27.942;-40.896;8.110;26.991;-41.469;7.482;24.719;-42.235;5.997;24.631;-43.368;2.587;22.302;-43.768;6.107;28.350;-42.171;9.543;26.949;-42.392;8.326;24.581;-42.272;6.291;24.423;-44.113;3.454;21.488;-46.035;7.197;27.247;-44.028;10.175;26.354;-43.448;8.300;24.104;-43.975;6.502;23.019;-45.022;3.630;20.907;-47.846;8.172;25.956;-46.409;10.979;26.081;-45.233;10.390;24.087;-44.940;9.018;22.573;-45.575;5.446;21.545;-47.222;8.519;21.197;-46.423;11.414;22.347;-45.317;12.615;24.615;1.803;36.682;-0.591;16.007;33.761;1.386;20.296;19.676;0.498;25.035;4.109;-0.484;30.860;1.641;10.727;37.800;-1.859;24.521;36.592;-1.951;26.105;36.498;0.450;31.732;36.847;3.211;30.460;36.802;2.157;28.478;36.342;0.515;28.495;37.492;-1.921;25.947;38.860;-0.158;32.017;38.315;4.083;30.754;37.859;2.571;27.703;38.014;0.480;27.744;38.691;-1.126;25.694;41.290;0.107;31.105;40.292;4.077;30.385;39.464;2.782;27.829;39.875;0.636;27.773;39.470;-1.070;25.206;43.353;0.685;29.916;43.245;3.729;30.751;41.978;3.483;28.812;41.735;1.672;27.536;39.931;-0.280;25.099;42.268;2.730;25.467;41.995;4.943;28.188;40.007;6.000;29.770;0.000;0.000;0.000;-7.588;-12.217;-1.337;-9.791;-33.167;-1.016;-12.379;-57.761;-0.639;-11.715;-101.961;-9.111;7.610;-12.270;-1.986;9.357;-33.221;-1.211;11.407;-57.815;-0.302;10.469;-102.302;-9.046
824.000;32.960;0.034;7.174;0.143;0.098;13.926;0.381;0.252;25.867;0.932;0.029;41.766;1.050;-0.028;45.873;4.287;0.311;52.288;5.688;-6.453;56.341;7.206;7.200;56.397;5.318;-1.868;58.307;14.135;4.652;58.334;13.233;-1.436;36.628;-0.607;-15.639;34.406;0.510;-20.405;20.906;0.317;-25.672;5.984;0.104;-32.223;2.745;10.970;-39.943;-1.523;23.802;-38.863;-2.476;25.111;-37.510;0.328;30.854;-37.457;2.734;30.205;-38.044;2.574;27.746;-38.732;1.074;27.479;-39.662;-2.228;24.990;-39.953;0.312;31.511;-38.869;4.059;30.495;-39.217;2.950;28.102;-38.803;1.232;27.073;-40.642;-1.284;24.292;-42.435;1.277;30.698;-40.805;4.538;30.100;-40.347;3.053;27.606;-40.706;1.463;26.181;-41.597;-1.191;23.839;-44.422;2.189;29.719;-43.313;5.095;30.147;-42.213;4.932;27.955;-41.881;3.895;26.201;-42.252;0.407;24.814;-44.237;3.276;25.029;-43.666;6.032;26.560;-42.563;7.068;28.908;1.788;36.672;-0.451;15.991;33.722;1.706;20.612;19.645;1.238;25.719;4.087;0.720;29.364;0.643;12.681;33.621;-4.047;27.308;32.105;-4.256;28.613;31.008;-2.421;34.330;31.554;0.403;33.444;31.899;-0.450;31.405;31.323;-2.033;31.139;33.018;-4.226;28.628;33.248;-3.149;35.025;32.894;1.227;34.126;33.116;0.051;30.909;33.352;-2.033;30.847;34.275;-3.456;28.700;35.833;-2.847;34.597;34.965;1.173;34.128;34.692;0.226;31.322;35.125;-1.904;31.088;35.132;-3.374;28.376;38.072;-2.217;33.883;37.848;0.729;34.998;36.862;0.711;32.865;36.811;-0.999;31.435;35.620;-2.610;28.446;37.855;0.295;29.541;37.103;2.233;32.378;34.854;3.151;33.672;0.000;0.000;0.000;-7.586;-12.217;-1.344;-9.787;-33.165;-0.982;-12.370;-57.756;-0.557;-11.693;-101.977;-8.932;7.612;-12.271;-1.971;9.360;-33.222;-1.159;11.412;-57.816;-0.205;10.497;-102.314;-8.878
825.000;33.000;0.034;7.174;0.142;0.095;13.926;0.397;0.241;25.866;1.003;-0.005;41.764;1.183;-0.063;45.857;4.398;0.306;52.284;5.731;-6.442;56.372;7.225;7.213;56.362;5.358;-1.859;58.340;14.155;4.662;58.336;13.263;-1.458;36.630;-0.499;-15.643;34.299;0.735;-20.327;20.681;1.020;-25.503;5.629;1.335;-29.738;1.426;13.105;-34.693;-3.952;26.964;-33.351;-4.938;27.962;-31.138;-2.684;33.656;-31.299;-0.263;33.210;-32.304;-0.066;30.762;-32.972;-1.576;30.496;-34.168;-4.721;28.008;-33.423;-2.928;34.703;-32.727;0.942;33.920;-33.329;-0.268;31.557;-33.192;-1.323;29.810;-35.327;-3.783;27.571;-36.055;-2.048;34.440;-34.626;1.320;33.941;-34.668;0.098;31.271;-35.206;-1.226;29.644;-36.365;-3.719;27.295;-38.245;-1.163;33.895;-37.131;1.710;34.477;-36.433;1.830;32.021;-36.424;1.080;30.097;-36.863;-2.302;28.537;-38.891;0.416;29.396;-38.184;3.007;31.117;-36.748;3.848;33.362;1.765;36.678;-0.332;15.926;33.679;2.021;21.151;19.699;2.170;26.926;4.247;2.333;27.728;0.381;14.798;28.520;-4.824;29.960;26.763;-5.205;30.839;24.189;-3.857;36.194;24.699;-0.967;35.646;25.569;-1.671;33.724;25.219;-3.265;33.229;27.642;-5.152;31.085;26.226;-4.547;37.383;25.739;-0.128;36.684;26.906;-1.046;33.591;27.304;-3.103;33.492;28.742;-4.318;31.516;28.797;-4.124;37.654;27.825;-0.115;37.218;28.377;-0.841;34.406;28.998;-2.918;34.127;29.645;-4.168;31.415;31.110;-3.345;37.538;30.456;-0.516;38.737;29.972;-0.393;36.412;30.435;-2.000;34.940;30.102;-3.423;31.667;31.811;-0.516;33.436;30.276;1.153;36.131;27.737;1.909;36.877;0.000;0.000;0.000;-7.584;-12.216;-1.358;-9.792;-33.163;-0.944;-12.383;-57.752;-0.458;-11.674;-101.984;-8.732;7.616;-12.276;-1.923;9.361;-33.229;-1.062;11.408;-57.825;-0.050;10.525;-102.312;-8.683
826.000;33.040;0.033;7.183;0.133;0.087;13.942;0.387;0.213;25.896;0.997;-0.047;41.794;1.179;-0.123;45.876;4.381;0.234;52.293;5.700;-6.507;56.393;7.190;7.148;56.359;5.326;-1.922;58.358;14.120;4.599;58.342;13.229;-1.488;36.659;-0.510;-15.621;34.283;0.800;-20.699;20.749;1.665;-26.311;5.791;2.622;-27.529;1.440;15.077;-28.950;-4.090;29.723;-27.488;-5.203;30.303;-23.727;-3.500;35.329;-23.795;-1.049;35.032;-25.427;-0.586;32.863;-26.198;-2.066;32.759;-28.247;-4.942;30.576;-25.668;-3.685;36.897;-24.912;0.148;36.172;-26.042;-1.031;33.814;-27.009;-1.608;32.107;-29.390;-3.926;30.483;-28.201;-2.635;37.365;-26.625;0.638;36.689;-27.606;-0.419;34.060;-28.697;-1.488;32.525;-30.462;-3.785;30.485;-30.417;-1.590;37.453;-28.922;1.149;37.901;-28.899;1.355;35.243;-29.515;0.783;33.357;-30.517;-2.418;31.851;-32.083;0.340;33.363;-30.737;2.736;34.983;-28.714;3.321;36.820;1.734;36.710;-0.330;15.795;33.690;2.235;21.926;20.007;3.349;28.702;4.883;4.580;26.075;1.401;16.999;22.726;-3.344;32.055;20.867;-3.892;32.418;16.673;-2.863;36.766;17.025;0.084;36.288;18.463;-0.527;34.678;18.535;-2.157;34.181;21.623;-3.771;32.917;18.339;-3.343;38.461;17.590;1.050;37.556;19.749;0.245;35.002;20.318;-1.773;35.056;22.440;-2.804;33.597;20.647;-2.684;39.473;19.458;1.238;38.668;20.943;0.572;36.214;21.825;-1.426;36.136;23.316;-2.571;33.760;22.833;-1.651;40.007;21.573;1.041;40.859;21.757;1.265;38.464;22.865;-0.227;37.233;23.599;-1.803;34.120;24.410;1.246;36.218;22.006;2.720;38.326;19.302;3.231;38.274;0.000;0.000;0.000;-7.582;-12.217;-1.367;-9.797;-33.164;-0.912;-12.397;-57.753;-0.377;-11.654;-101.982;-8.569;7.621;-12.281;-1.872;9.363;-33.234;-0.968;11.408;-57.831;0.093;10.546;-102.308;-8.514
827.000;33.080;0.032;7.197;0.120;0.082;13.970;0.358;0.194;25.949;0.939;-0.074;41.847;1.079;-0.175;45.922;4.268;0.161;52.314;5.591;-6.576;56.411;7.111;7.077;56.377;5.229;-1.981;58.337;14.045;4.539;58.321;13.146;-1.502;36.708;-0.606;-15.548;34.356;0.754;-21.386;21.125;2.338;-27.839;6.501;4.088;-25.673;2.901;16.656;-23.144;-1.734;31.459;-21.707;-3.016;31.658;-16.463;-1.638;35.254;-16.341;0.793;34.825;-18.543;1.400;33.189;-19.415;-0.001;33.459;-22.317;-2.646;32.114;-17.851;-1.507;37.321;-16.888;2.154;36.130;-18.719;0.959;34.092;-20.524;0.564;33.214;-23.308;-1.476;32.295;-19.995;-0.114;38.399;-18.172;2.875;37.044;-20.208;1.810;34.889;-21.857;0.892;33.825;-24.283;-1.192;32.587;-21.946;1.205;39.079;-20.022;3.759;38.870;-20.796;3.818;36.224;-22.060;3.308;34.673;-23.794;0.241;33.796;-24.545;3.204;35.514;-22.494;5.452;36.502;-19.947;5.836;37.585;1.719;36.760;-0.405;15.622;33.795;2.413;22.770;20.666;4.774;30.669;6.154;7.383;24.699;3.359;18.815;17.334;-0.560;32.666;15.498;-1.266;32.532;10.107;-0.483;35.424;10.341;2.472;34.797;12.242;1.919;33.696;12.712;0.293;33.483;16.061;-1.031;33.212;11.269;-0.649;37.522;10.401;3.653;36.050;13.294;2.891;34.319;13.929;0.915;34.616;16.576;0.075;34.012;13.139;0.346;39.070;11.875;4.062;37.638;14.092;3.366;35.838;15.121;1.463;36.152;17.345;0.403;34.398;14.959;1.641;40.114;13.210;4.196;40.289;14.036;4.339;37.988;15.556;2.863;37.296;17.427;1.220;34.718;17.286;4.452;36.670;14.259;5.764;37.871;11.658;5.962;36.994;0.000;0.000;0.000;-7.579;-12.218;-1.371;-9.800;-33.166;-0.887;-12.407;-57.757;-0.318;-11.642;-101.987;-8.436;7.625;-12.286;-1.825;9.367;-33.240;-0.888;11.411;-57.838;0.211;10.565;-102.315;-8.375
828.000;33.120;0.033;7.211;0.104;0.081;13.997;0.319;0.186;26.000;0.849;-0.106;41.897;0.913;-0.239;45.973;4.089;0.066;52.336;5.425;-6.675;56.414;6.976;6.978;56.410;5.094;-2.083;58.294;13.924;4.437;58.292;13.025;-1.514;36.748;-0.759;-15.463;34.444;0.641;-22.292;21.745;3.058;-29.841;7.709;5.731;-24.563;5.354;17.590;-18.387;2.199;31.615;-17.044;0.782;31.581;-10.911;1.990;33.431;-10.753;4.341;32.686;-13.289;4.989;31.648;-14.097;3.708;32.356;-17.474;1.278;32.114;-11.684;2.528;35.796;-10.789;5.867;33.857;-13.197;4.709;32.437;-15.223;4.431;32.470;-18.277;2.552;32.415;-13.337;4.275;37.181;-11.590;6.881;34.902;-14.426;5.731;33.577;-16.384;4.907;33.153;-19.094;2.977;32.896;-14.896;5.855;38.151;-12.864;8.122;37.042;-14.363;7.933;34.670;-16.056;7.401;33.615;-18.222;4.497;33.745;-18.235;7.695;35.151;-15.833;9.812;35.240;-13.062;10.029;35.525;1.705;36.806;-0.534;15.444;33.979;2.535;23.493;21.602;6.244;32.389;7.922;10.343;23.713;5.968;20.077;13.087;3.076;31.899;11.348;2.218;31.303;5.427;2.914;32.610;5.619;5.772;31.777;7.762;5.243;31.256;8.449;3.700;31.498;11.708;2.590;32.056;5.984;3.052;35.046;5.274;7.161;32.892;8.558;6.420;32.039;9.147;4.491;32.612;11.956;3.764;32.901;7.338;4.350;36.854;6.319;7.801;34.756;8.955;7.076;33.685;9.982;5.290;34.414;12.580;4.202;33.417;8.756;5.872;38.164;6.909;8.317;37.574;8.267;8.258;35.516;9.944;6.791;35.454;12.572;5.072;33.646;11.770;8.475;35.081;8.471;9.666;35.301;6.178;9.577;33.781;0.000;0.000;0.000;-7.580;-12.218;-1.368;-9.804;-33.167;-0.856;-12.416;-57.759;-0.255;-11.640;-101.994;-8.326;7.626;-12.291;-1.785;9.368;-33.248;-0.814;11.412;-57.850;0.326;10.573;-102.319;-8.271
829.000;33.160;0.034;7.218;0.086;0.082;14.011;0.279;0.187;26.026;0.763;-0.136;41.924;0.741;-0.302;46.007;3.915;-0.032;52.355;5.288;-6.783;56.414;6.843;6.874;56.442;4.986;-2.206;58.273;13.807;4.315;58.286;12.920;-1.523;36.763;-0.913;-15.387;34.512;0.502;-23.234;22.505;3.738;-31.906;9.235;7.316;-24.291;8.457;17.911;-15.362;7.181;30.524;-14.099;5.710;30.480;-7.686;6.800;30.712;-7.619;8.967;29.514;-10.292;9.530;28.988;-10.899;8.380;30.040;-14.385;6.315;30.996;-7.908;7.807;33.063;-7.355;10.598;30.387;-10.061;9.462;29.676;-11.982;9.273;30.352;-15.039;7.630;31.200;-9.130;9.843;34.431;-7.767;11.930;31.303;-11.002;10.661;30.877;-13.018;9.894;31.059;-15.730;8.204;31.757;-10.397;11.676;35.375;-8.554;13.563;33.446;-10.571;13.069;31.513;-12.471;12.478;30.962;-14.668;9.792;32.116;-14.231;13.188;32.846;-11.804;15.098;32.008;-9.034;15.255;31.673;1.695;36.829;-0.667;15.298;34.185;2.584;24.033;22.647;7.494;33.687;9.895;12.922;23.263;8.929;20.814;10.505;7.246;30.445;8.911;6.259;29.582;2.877;6.991;29.584;3.225;9.711;28.427;5.435;9.177;28.433;6.112;7.755;29.089;9.117;6.748;30.327;2.923;7.492;32.049;2.661;11.354;29.348;6.058;10.550;29.245;6.494;8.666;30.057;9.171;7.977;31.069;3.838;9.023;33.920;3.335;12.173;31.257;6.130;11.373;30.851;7.026;9.714;31.956;9.678;8.505;31.627;4.987;10.741;35.278;3.392;13.069;34.016;5.120;12.806;32.279;6.816;11.459;32.804;9.656;9.442;31.752;8.601;12.991;32.541;5.325;14.135;31.914;3.381;13.790;29.997;0.000;0.000;0.000;-7.580;-12.220;-1.352;-9.809;-33.166;-0.814;-12.425;-57.755;-0.183;-11.641;-101.996;-8.247;7.626;-12.297;-1.746;9.368;-33.252;-0.744;11.414;-57.852;0.433;10.577;-102.308;-8.196
830.000;33.200;0.034;7.220;0.068;0.082;14.015;0.238;0.187;26.036;0.673;-0.166;41.932;0.548;-0.362;46.036;3.732;-0.126;52.376;5.151;-6.888;56.421;6.695;6.775;56.473;4.886;-2.338;58.265;13.680;4.186;58.290;12.817;-1.535;36.758;-1.080;-15.341;34.594;0.317;-24.094;23.325;4.139;-33.769;10.869;8.363;-24.810;11.732;17.627;-14.279;12.415;28.741;-13.016;10.971;28.800;-6.716;12.052;27.843;-6.776;13.945;26.314;-9.457;14.374;26.114;-9.885;13.344;27.360;-13.230;11.656;29.248;-6.534;13.433;30.001;-6.442;15.739;26.871;-9.203;14.498;26.710;-10.929;14.397;27.801;-13.862;12.991;29.268;-7.575;15.665;31.150;-6.654;17.199;27.501;-9.990;15.838;27.790;-11.941;15.136;28.418;-14.472;13.660;29.814;-8.709;17.644;31.931;-7.168;19.159;29.425;-9.448;18.352;27.932;-11.398;17.694;27.767;-13.380;15.271;29.710;-12.895;18.735;29.745;-10.636;20.429;28.217;-7.949;20.564;27.462;1.681;36.832;-0.818;15.183;34.392;2.534;24.490;23.642;8.185;34.776;11.760;14.431;23.467;11.793;20.877;9.607;11.338;28.794;8.110;10.309;27.865;2.045;11.110;26.954;2.763;13.677;25.448;4.921;13.105;25.874;5.456;11.751;26.764;8.227;10.869;28.579;1.884;11.931;29.263;2.200;15.488;26.173;5.525;14.588;26.623;5.775;12.768;27.636;8.237;12.191;29.137;2.606;13.677;31.065;2.602;16.490;28.046;5.397;15.601;28.134;6.126;14.075;29.518;8.685;12.769;29.695;3.590;15.501;32.366;2.275;17.731;30.598;4.222;17.231;29.189;5.730;15.891;30.136;8.669;13.703;29.685;7.661;17.348;29.916;4.561;18.473;28.674;2.870;17.938;26.570;0.000;0.000;0.000;-7.578;-12.223;-1.339;-9.813;-33.164;-0.785;-12.436;-57.748;-0.135;-11.640;-101.987;-8.222;7.629;-12.300;-1.708;9.368;-33.252;-0.697;11.410;-57.847;0.490;10.572;-102.289;-8.175
831.000;33.240;0.032;7.221;0.054;0.076;14.018;0.199;0.169;26.042;0.575;-0.208;41.936;0.339;-0.429;46.061;3.524;-0.228;52.393;4.976;-6.995;56.432;6.519;6.673;56.491;4.750;-2.465;58.243;13.526;4.062;58.271;12.681;-1.563;36.749;-1.258;-15.337;34.688;0.085;-24.787;24.069;4.180;-35.231;12.332;8.708;-25.754;14.766;16.887;-14.580;17.332;26.779;-13.271;15.940;26.967;-7.150;17.011;25.237;-7.349;18.676;23.528;-9.992;18.895;23.551;-10.263;17.985;24.928;-13.481;16.681;27.316;-6.756;18.696;27.165;-7.064;20.593;23.738;-9.791;19.181;23.973;-11.333;19.159;25.317;-14.157;17.989;27.204;-7.829;21.078;28.029;-7.265;22.116;24.120;-10.546;20.627;24.885;-12.378;19.963;25.831;-14.750;18.735;27.689;-8.979;23.168;28.595;-7.718;24.269;25.728;-10.077;23.196;24.627;-12.005;22.466;24.750;-13.719;20.344;27.187;-13.358;23.771;26.618;-11.343;25.282;24.622;-8.717;25.341;23.670;1.652;36.829;-0.985;15.113;34.520;2.429;24.804;24.274;8.370;35.514;12.950;14.936;23.906;14.136;20.473;9.641;15.103;27.324;8.146;14.081;26.393;2.335;15.181;24.885;3.215;17.414;23.136;5.287;16.811;23.867;5.675;15.472;24.851;8.248;14.698;27.060;1.950;16.221;27.166;2.915;19.248;23.783;6.004;18.309;24.576;6.086;16.581;25.763;8.284;16.058;27.443;2.672;18.075;28.788;3.063;20.516;25.524;5.783;19.497;25.916;6.364;18.111;27.503;8.727;16.671;27.968;3.653;19.942;29.950;2.607;22.084;27.862;4.605;21.283;26.685;5.878;19.893;27.875;8.809;17.605;27.910;8.033;21.306;27.673;5.120;22.505;26.089;3.577;21.768;23.934;0.000;0.000;0.000;-7.574;-12.225;-1.337;-9.815;-33.162;-0.786;-12.445;-57.741;-0.139;-11.651;-101.976;-8.250;7.633;-12.302;-1.679;9.367;-33.251;-0.680;11.402;-57.843;0.494;10.563;-102.276;-8.208
832.000;33.280;0.028;7.219;0.042;0.060;14.015;0.164;0.123;26.038;0.482;-0.266;41.930;0.138;-0.507;46.078;3.325;-0.334;52.405;4.813;-7.102;56.443;6.348;6.570;56.500;4.608;-2.586;58.240;13.368;3.943;58.267;12.537;-1.612;36.731;-1.429;-15.400;34.724;-0.218;-25.278;24.443;3.693;-36.196;13.080;8.015;-27.151;17.267;15.758;-16.467;21.943;25.188;-15.090;20.674;25.626;-8.966;21.856;23.758;-9.317;23.185;21.720;-11.876;23.058;21.950;-11.918;22.244;23.410;-15.354;21.446;25.851;-8.771;23.856;25.343;-9.189;25.099;21.658;-11.814;23.674;22.066;-13.240;23.761;23.529;-16.079;22.645;25.524;-9.955;26.306;25.825;-9.419;26.761;21.796;-12.609;25.115;22.724;-14.365;24.505;23.834;-16.730;23.425;25.857;-11.310;28.346;25.995;-10.056;29.055;22.994;-12.305;27.690;22.131;-14.182;26.868;22.389;-15.816;25.020;25.092;-15.637;28.330;23.942;-13.737;29.614;21.709;-11.075;29.718;20.866;1.602;36.815;-1.146;15.074;34.552;2.286;25.057;24.401;7.894;36.090;13.182;14.093;24.889;15.918;19.658;11.070;18.808;26.595;9.456;17.826;25.783;3.779;19.430;24.213;4.875;21.349;22.192;6.886;20.597;22.987;7.145;19.284;24.045;9.637;18.498;26.377;3.552;20.679;26.307;4.802;23.168;22.707;7.770;22.076;23.580;7.732;20.465;24.923;9.782;19.847;26.617;4.505;22.608;27.708;5.064;24.684;24.283;7.665;23.438;24.769;8.167;22.196;26.496;10.298;20.471;27.056;5.676;24.495;28.679;4.813;26.490;26.400;6.710;25.407;25.284;7.836;23.968;26.560;10.538;21.416;26.929;10.121;25.142;26.293;7.364;26.512;24.598;5.717;25.710;22.544;0.000;0.000;0.000;-7.571;-12.227;-1.336;-9.815;-33.160;-0.805;-12.450;-57.733;-0.182;-11.665;-101.962;-8.330;7.637;-12.302;-1.660;9.365;-33.249;-0.681;11.392;-57.839;0.467;10.540;-102.269;-8.283
833.000;33.320;0.025;7.212;0.032;0.048;14.002;0.132;0.091;26.013;0.394;-0.309;41.902;-0.041;-0.568;46.076;3.160;-0.417;52.407;4.694;-7.186;56.449;6.217;6.488;56.501;4.494;-2.679;58.252;13.241;3.851;58.277;12.419;-1.646;36.694;-1.582;-15.484;34.707;-0.538;-25.560;24.479;2.859;-36.696;13.174;6.615;-28.865;19.101;14.401;-19.629;25.873;23.923;-18.203;24.790;24.638;-12.009;26.242;23.215;-12.235;27.221;20.908;-14.686;26.879;21.146;-14.746;26.132;22.641;-18.544;25.561;24.712;-12.202;28.440;24.435;-12.286;28.986;20.576;-14.842;27.537;20.939;-16.226;27.733;22.432;-19.305;26.615;24.208;-13.594;30.756;24.405;-12.684;30.789;20.486;-15.770;28.918;21.319;-17.510;28.327;22.465;-20.033;27.374;24.344;-15.035;32.725;24.207;-13.589;33.100;21.237;-15.591;31.503;20.437;-17.420;30.576;20.678;-19.178;28.952;23.394;-19.161;32.053;21.803;-17.128;33.200;19.590;-14.426;33.348;18.894;1.567;36.783;-1.290;15.120;34.521;2.095;25.183;24.074;6.903;36.304;12.527;12.218;26.201;17.037;18.491;13.690;22.134;26.355;11.897;21.326;25.779;6.360;23.534;24.567;7.470;25.047;22.241;9.424;24.144;22.949;9.646;22.952;24.149;12.216;22.025;26.275;6.424;24.966;26.530;7.644;26.932;22.687;10.576;25.544;23.334;10.509;24.029;24.782;12.558;23.339;26.387;7.785;26.891;27.642;8.284;28.525;23.997;10.730;26.998;24.412;11.260;25.884;26.216;13.186;23.925;26.718;9.303;28.680;28.294;8.435;30.497;25.919;10.116;29.160;24.762;11.226;27.688;26.014;13.518;24.815;26.520;13.504;28.496;25.505;10.804;30.019;23.896;8.848;29.372;22.072;0.000;0.000;0.000;-7.567;-12.229;-1.337;-9.814;-33.159;-0.829;-12.452;-57.728;-0.232;-11.668;-101.932;-8.438;7.641;-12.302;-1.644;9.366;-33.246;-0.695;11.390;-57.833;0.420;10.528;-102.250;-8.384
834.000;33.360;0.026;7.202;0.023;0.048;13.982;0.101;0.086;25.977;0.310;-0.334;41.863;-0.200;-0.606;46.063;3.017;-0.468;52.404;4.592;-7.242;56.440;6.109;6.433;56.504;4.394;-2.741;58.251;13.134;3.789;58.282;12.315;-1.662;36.646;-1.719;-15.588;34.641;-0.853;-25.522;24.130;1.827;-36.501;12.512;4.790;-30.630;20.003;12.886;-23.744;28.652;22.795;-22.357;27.807;23.847;-16.144;29.748;23.266;-16.056;30.445;20.792;-18.345;29.796;20.982;-18.513;29.058;22.474;-22.773;28.540;23.776;-16.750;32.018;24.148;-16.292;32.219;20.252;-18.681;30.524;20.367;-20.113;30.787;21.802;-23.532;29.451;23.015;-18.353;34.187;23.628;-16.865;33.945;19.973;-19.768;31.776;20.469;-21.558;31.132;21.504;-24.334;30.127;22.956;-19.923;35.956;22.968;-18.006;36.117;20.264;-19.712;34.358;19.402;-21.468;33.276;19.494;-23.488;31.675;21.987;-23.506;34.604;20.085;-21.238;35.734;18.122;-18.495;36.103;17.736;1.551;36.740;-1.422;15.248;34.459;1.837;24.939;23.331;5.511;35.649;11.032;9.572;27.519;17.285;16.987;17.408;24.565;26.308;15.457;23.990;26.131;10.177;26.869;25.543;11.023;28.081;23.028;12.929;26.921;23.492;13.181;25.814;24.765;15.944;24.667;26.506;10.730;28.449;27.386;11.528;29.922;23.345;14.328;28.198;23.545;14.328;26.747;25.060;16.524;25.920;26.428;12.514;30.217;28.119;12.560;31.504;24.277;14.783;29.638;24.464;15.458;28.614;26.273;17.272;26.425;26.615;14.364;31.795;28.364;13.338;33.545;25.996;14.515;31.830;24.741;15.564;30.192;25.829;17.646;27.220;26.283;17.949;30.828;24.966;15.192;32.565;23.716;12.943;32.129;22.192;0.000;0.000;0.000;-7.569;-12.228;-1.338;-9.817;-33.153;-0.858;-12.457;-57.716;-0.294;-11.672;-101.914;-8.560;7.639;-12.305;-1.627;9.364;-33.246;-0.710;11.390;-57.830;0.368;10.526;-102.232;-8.508
835.000;33.400;0.028;7.192;0.014;0.050;13.962;0.073;0.083;25.941;0.236;-0.345;41.825;-0.350;-0.620;46.051;2.876;-0.495;52.404;4.477;-7.277;56.424;5.999;6.397;56.521;4.279;-2.777;58.240;13.024;3.753;58.286;12.203;-1.672;36.599;-1.842;-15.665;34.545;-1.120;-25.144;23.546;0.811;-35.621;11.389;2.946;-32.208;19.999;11.309;-28.289;30.000;21.535;-27.034;29.381;22.897;-21.068;32.023;23.244;-20.565;32.606;20.791;-22.778;31.717;20.635;-23.211;30.912;22.035;-27.504;30.056;22.699;-22.077;34.247;23.818;-20.850;34.295;20.057;-23.000;32.379;19.767;-24.543;32.608;21.089;-28.199;30.828;21.704;-23.767;36.204;22.889;-21.684;35.923;19.590;-24.260;33.411;19.691;-26.074;32.606;20.559;-29.057;31.407;21.458;-25.372;37.725;21.828;-22.980;37.889;19.502;-24.354;35.997;18.544;-25.975;34.723;18.436;-28.199;32.950;20.577;-28.162;35.771;18.461;-25.720;37.077;16.833;-23.003;37.722;16.930;1.541;36.697;-1.550;15.408;34.400;1.525;24.240;22.411;3.991;34.001;9.160;6.716;28.613;16.717;15.274;21.877;25.620;26.057;19.850;25.311;26.302;14.976;28.972;26.713;15.507;29.988;23.915;17.233;28.536;24.082;17.529;27.452;25.366;20.496;25.923;26.512;16.213;30.461;28.167;16.285;31.880;23.953;18.786;29.597;23.783;18.904;28.145;25.292;21.255;27.113;26.263;18.275;32.004;28.482;17.688;33.155;24.593;19.573;30.948;24.500;20.444;29.925;26.224;22.088;27.507;26.271;20.346;33.278;28.216;19.143;35.172;26.005;19.804;33.210;24.780;20.859;31.482;25.711;22.394;28.251;25.751;22.983;31.701;24.239;20.319;33.793;23.442;17.747;33.641;22.476;0.000;0.000;0.000;-7.574;-12.225;-1.336;-9.826;-33.148;-0.885;-12.469;-57.710;-0.357;-11.682;-101.890;-8.690;7.634;-12.309;-1.617;9.358;-33.246;-0.733;11.381;-57.825;0.306;10.533;-102.194;-8.639
836.000;33.440;0.029;7.182;0.009;0.051;13.944;0.049;0.085;25.908;0.156;-0.333;41.790;-0.479;-0.601;46.036;2.749;-0.496;52.405;4.351;-7.283;56.412;5.886;6.387;56.535;4.132;-2.770;58.244;12.898;3.758;58.303;12.061;-1.672;36.561;-1.948;-15.728;34.458;-1.329;-24.481;22.887;-0.071;-34.155;10.098;1.320;-33.432;19.175;9.845;-32.743;29.714;20.250;-31.697;29.285;21.821;-26.245;32.575;23.093;-25.361;33.270;20.792;-27.358;32.075;20.363;-28.025;31.186;21.613;-32.197;29.895;21.514;-27.597;34.775;23.458;-25.698;34.840;19.980;-27.484;32.775;19.243;-29.128;32.873;20.456;-32.781;30.559;20.397;-29.300;36.455;22.162;-26.676;36.513;19.304;-28.683;33.668;18.863;-30.465;32.554;19.385;-33.641;31.027;19.977;-30.840;37.749;20.779;-28.095;38.198;18.912;-29.082;36.184;17.825;-30.462;34.691;17.466;-32.788;32.681;19.207;-32.762;35.404;17.018;-30.189;36.957;15.834;-27.669;38.019;16.407;1.543;36.657;-1.671;15.559;34.326;1.117;23.153;21.521;2.516;31.547;7.369;4.062;29.344;15.370;13.572;26.553;24.831;25.560;24.612;24.794;26.263;20.430;28.998;27.750;20.481;30.070;24.873;21.971;28.353;24.645;22.333;27.194;25.842;25.360;25.318;26.315;22.132;30.297;28.887;21.378;31.797;24.736;23.501;29.193;24.059;23.751;27.657;25.465;26.197;26.406;25.861;24.441;31.575;28.677;23.107;32.865;24.968;24.561;30.383;24.540;25.606;29.260;26.097;27.055;26.689;25.681;26.549;32.576;27.934;25.158;34.665;26.025;25.262;32.673;24.740;26.277;30.774;25.316;27.295;27.376;25.109;27.933;30.748;23.467;25.471;33.224;23.329;22.759;33.378;22.893;0.000;0.000;0.000;-7.578;-12.224;-1.330;-9.826;-33.144;-0.920;-12.465;-57.702;-0.440;-11.685;-101.889;-8.825;7.631;-12.310;-1.630;9.356;-33.245;-0.780;11.382;-57.821;0.218;10.529;-102.178;-8.777
837.000;33.480;0.025;7.179;0.007;0.042;13.937;0.032;0.065;25.895;0.096;-0.333;41.777;-0.551;-0.580;46.031;2.668;-0.481;52.411;4.241;-7.261;56.424;5.792;6.401;56.540;3.973;-2.714;58.284;12.775;3.810;58.340;11.907;-1.691;36.549;-2.005;-15.794;34.415;-1.418;-23.633;22.258;-0.746;-32.296;8.822;-0.003;-34.212;17.636;8.644;-36.670;27.840;19.152;-35.825;27.535;20.847;-31.175;31.550;23.017;-30.075;32.450;20.830;-31.759;30.946;20.120;-32.595;29.929;21.151;-36.369;28.075;20.489;-32.858;33.512;23.192;-30.646;34.034;20.010;-31.782;31.784;18.795;-33.458;31.596;19.952;-36.862;28.665;19.320;-34.629;34.977;21.649;-31.756;35.698;19.185;-32.882;32.593;18.265;-34.411;31.065;18.389;-37.730;29.028;18.767;-36.130;36.063;20.087;-33.209;37.004;18.607;-33.726;34.971;17.367;-34.723;33.260;16.785;-37.069;30.840;18.182;-37.096;33.588;16.053;-34.684;35.565;15.241;-32.412;36.857;16.229;1.526;36.640;-1.753;15.649;34.209;0.772;21.936;20.790;1.304;28.885;5.958;1.893;29.721;13.465;12.018;30.660;22.315;24.751;28.935;22.495;25.837;25.923;27.148;28.348;25.589;28.525;25.608;26.687;26.598;24.998;27.061;25.328;26.073;29.757;22.891;25.775;27.932;28.038;29.210;26.753;30.067;25.408;28.220;27.259;24.198;28.534;25.564;25.392;30.637;23.895;25.235;30.385;28.960;28.611;28.549;30.950;25.333;29.450;28.296;24.528;30.675;27.013;25.804;31.479;24.063;24.901;32.423;29.695;27.571;31.036;32.194;26.132;30.750;30.280;24.792;31.606;28.244;25.084;31.767;24.770;24.372;32.695;28.112;22.809;30.654;30.946;23.325;27.977;31.568;23.469;0.000;0.000;0.000;-7.576;-12.227;-1.311;-9.813;-33.141;-0.938;-12.439;-57.693;-0.499;-11.670;-101.877;-8.947;7.631;-12.305;-1.661;9.367;-33.241;-0.836;11.405;-57.818;0.133;10.542;-102.167;-8.900
838.000;33.520;0.019;7.178;0.005;0.032;13.937;0.020;0.048;25.894;0.060;-0.330;41.778;-0.556;-0.544;46.025;2.651;-0.426;52.414;4.179;-7.196;56.439;5.743;6.455;56.539;3.840;-2.606;58.348;12.685;3.912;58.396;11.777;-1.707;36.555;-2.008;-15.850;34.394;-1.394;-22.696;21.724;-1.204;-30.263;7.720;-0.995;-34.550;15.551;7.807;-39.805;24.550;18.464;-39.084;24.235;20.249;-35.454;28.829;23.080;-34.340;30.087;21.128;-35.563;28.356;20.091;-36.512;27.204;20.847;-39.664;24.700;19.845;-37.429;30.489;23.198;-34.980;31.532;20.307;-35.598;29.386;18.598;-37.181;28.794;19.749;-40.121;25.308;18.680;-39.246;31.759;21.514;-36.366;33.061;19.349;-36.823;29.915;18.261;-37.993;28.099;18.107;-40.955;25.559;18.042;-40.723;32.677;19.837;-37.995;34.156;18.696;-37.960;32.205;17.364;-38.528;30.367;16.613;-40.612;27.446;17.605;-40.883;30.314;15.608;-38.754;32.693;15.171;-36.904;34.331;16.476;1.511;36.640;-1.781;15.696;34.117;0.554;20.827;20.321;0.391;26.497;5.072;0.212;29.804;11.338;10.681;33.786;18.642;23.820;32.339;18.932;25.195;30.408;23.667;28.572;29.866;25.278;26.032;30.602;23.386;25.042;30.931;21.942;25.889;33.196;19.214;25.049;32.642;24.170;29.128;31.184;26.684;25.787;32.018;23.866;24.115;32.275;22.025;25.087;34.062;20.156;24.433;35.102;24.874;28.294;32.995;27.340;25.437;33.364;24.675;24.263;34.559;23.159;25.287;34.861;20.240;23.983;37.005;25.394;26.922;35.847;28.161;25.915;35.005;26.456;24.534;35.450;24.275;24.444;35.139;20.948;23.461;36.315;24.309;22.082;34.827;27.310;23.131;32.325;28.234;23.808;0.000;0.000;0.000;-7.573;-12.232;-1.279;-9.795;-33.147;-0.925;-12.404;-57.699;-0.510;-11.643;-101.851;-9.040;7.633;-12.300;-1.697;9.388;-33.236;-0.887;11.448;-57.813;0.063;10.576;-102.157;-8.980
839.000;33.560;0.017;7.183;0.004;0.027;13.947;0.011;0.038;25.912;0.029;-0.347;41.798;-0.531;-0.515;46.028;2.659;-0.346;52.416;4.136;-7.102;56.457;5.719;6.536;56.534;3.733;-2.470;58.399;12.623;4.043;58.435;11.675;-1.740;36.579;-1.986;-15.903;34.399;-1.278;-21.787;21.335;-1.441;-28.291;6.896;-1.622;-34.533;13.058;7.426;-42.071;20.037;18.337;-41.506;19.704;20.112;-38.810;24.472;23.674;-37.647;25.920;21.968;-38.572;24.321;20.669;-39.505;23.028;21.172;-42.129;20.117;19.716;-41.013;25.775;23.726;-38.510;27.606;21.152;-38.717;25.579;19.088;-40.054;24.587;20.275;-42.552;20.742;18.531;-42.883;26.916;21.969;-40.230;28.920;20.034;-40.088;25.823;18.777;-40.789;23.833;18.290;-43.369;20.917;17.872;-44.356;27.753;20.279;-41.854;29.770;19.510;-41.426;27.993;18.011;-41.595;26.158;17.079;-43.286;22.847;17.654;-43.861;25.811;15.891;-42.103;28.488;15.847;-40.648;30.304;17.394;1.481;36.664;-1.793;15.699;34.113;0.325;20.020;20.145;-0.265;24.795;4.706;-0.917;29.757;9.099;9.880;35.769;14.073;23.379;34.472;14.308;24.911;33.366;18.659;28.981;32.836;20.841;26.820;33.219;18.921;25.426;33.572;17.403;26.119;35.330;14.538;24.695;35.760;18.957;29.468;34.241;21.998;26.604;34.572;19.461;24.480;34.750;17.492;25.181;36.307;15.472;24.096;38.112;19.515;28.380;35.977;22.549;26.180;35.961;20.136;24.538;36.983;18.361;25.301;37.071;15.539;23.586;39.968;20.055;26.926;38.977;23.052;26.418;37.902;21.623;24.939;38.146;19.447;24.523;37.332;16.301;23.181;38.667;19.704;22.111;37.581;22.631;23.651;35.309;23.768;24.707;0.000;0.000;0.000;-7.576;-12.234;-1.241;-9.778;-33.152;-0.896;-12.364;-57.708;-0.491;-11.600;-101.854;-9.080;7.627;-12.297;-1.741;9.402;-33.233;-0.937;11.487;-57.810;0.007;10.620;-102.156;-9.026
840.000;33.600;0.012;7.189;0.001;0.015;13.958;-0.001;0.009;25.934;-0.006;-0.393;41.821;-0.504;-0.501;46.028;2.659;-0.257;52.411;4.064;-6.989;56.468;5.709;6.631;56.512;3.596;-2.287;58.400;12.569;4.217;58.421;11.560;-1.802;36.607;-1.958;-15.967;34.399;-1.078;-21.037;21.057;-1.465;-26.641;6.312;-1.893;-34.088;10.304;7.595;-42.991;14.677;18.983;-42.333;14.277;20.735;-40.760;19.103;24.905;-39.957;20.951;23.308;-40.374;19.340;21.827;-41.162;17.915;22.207;-43.015;14.605;20.356;-43.158;19.912;24.940;-41.176;22.380;22.658;-40.992;20.818;20.217;-41.597;19.399;21.558;-43.590;15.245;19.249;-45.229;20.826;23.320;-42.889;23.476;21.725;-42.349;20.711;20.050;-42.412;18.716;19.209;-44.419;15.331;18.576;-46.813;21.532;21.637;-44.752;24.147;21.163;-43.944;22.680;19.448;-43.649;20.968;18.333;-44.693;17.226;18.544;-45.919;20.208;17.113;-44.743;23.180;17.320;-43.670;25.006;19.143;1.421;36.693;-1.809;15.672;34.119;0.114;19.754;20.062;-0.658;24.265;4.524;-1.510;29.807;6.742;9.765;36.487;9.020;23.782;35.229;9.163;25.385;34.726;12.874;30.166;34.446;15.383;28.360;34.597;13.708;26.701;34.607;12.057;27.127;36.103;9.327;25.174;37.111;12.808;30.544;35.947;16.522;28.261;35.915;14.204;25.802;35.965;12.163;26.279;37.117;10.189;24.756;39.527;13.288;29.470;37.745;16.838;27.827;37.348;14.671;25.826;38.272;12.755;26.328;37.861;10.280;24.220;41.425;13.855;28.058;40.735;16.948;28.083;39.551;15.991;26.340;39.664;13.930;25.500;38.253;11.024;23.819;39.994;14.408;23.337;39.319;17.193;25.351;37.159;18.285;26.660;0.000;0.000;0.000;-7.577;-12.238;-1.195;-9.753;-33.161;-0.853;-12.308;-57.723;-0.451;-11.535;-101.868;-9.061;7.623;-12.293;-1.786;9.420;-33.231;-0.971;11.530;-57.810;-0.014;10.674;-102.178;-9.005
841.000;33.640;0.003;7.188;-0.005;-0.007;13.956;-0.019;-0.039;25.929;-0.055;-0.456;41.817;-0.510;-0.511;46.014;2.639;-0.186;52.402;3.999;-6.887;56.479;5.716;6.709;56.482;3.456;-2.106;58.397;12.525;4.387;58.399;11.446;-1.877;36.605;-1.963;-16.036;34.369;-0.893;-20.531;20.850;-1.365;-25.499;5.907;-1.885;-33.147;7.614;8.281;-42.205;9.257;20.429;-41.442;8.738;22.113;-40.583;13.116;26.871;-40.226;15.261;25.565;-40.319;13.906;23.810;-41.004;12.395;24.018;-42.185;8.984;21.792;-43.112;13.463;27.070;-41.596;16.563;25.173;-41.571;15.375;22.433;-41.120;13.747;23.585;-42.851;9.647;20.831;-45.370;14.230;25.656;-43.697;17.294;24.406;-42.770;15.079;22.322;-42.341;13.348;21.092;-43.690;9.685;20.170;-47.072;14.884;24.055;-45.547;17.927;23.958;-44.515;16.856;21.980;-43.903;15.447;20.601;-44.364;11.462;20.377;-46.137;14.367;19.381;-45.569;17.458;20.044;-44.714;19.163;22.086;1.347;36.693;-1.846;15.617;34.129;-0.001;19.891;20.089;-0.756;24.616;4.572;-1.590;29.717;4.511;10.217;35.814;3.976;24.790;34.574;3.875;26.346;33.932;6.555;31.725;33.879;9.290;30.455;34.008;8.043;28.565;34.131;6.342;28.602;35.470;4.007;26.218;36.357;6.279;32.214;35.431;10.456;30.656;35.476;8.693;27.790;35.515;6.607;28.003;36.485;4.875;25.982;38.803;6.814;31.342;37.276;10.737;30.404;36.945;9.070;27.965;37.854;7.089;28.137;37.258;5.021;25.504;40.779;7.550;30.143;40.276;10.656;30.764;39.099;10.054;28.837;39.205;8.163;27.663;37.716;5.827;25.335;39.632;9.114;25.539;38.987;11.444;28.100;36.847;12.448;29.508;0.000;0.000;0.000;-7.570;-12.247;-1.145;-9.721;-33.168;-0.798;-12.246;-57.727;-0.390;-11.459;-101.879;-8.985;7.626;-12.286;-1.824;9.443;-33.223;-0.987;11.576;-57.803;-0.004;10.735;-102.206;-8.924
842.000;33.680;0.000;7.177;-0.011;-0.008;13.935;-0.031;-0.035;25.890;-0.079;-0.473;41.779;-0.499;-0.511;45.975;2.633;-0.130;52.387;3.929;-6.813;56.472;5.699;6.764;56.459;3.331;-1.975;58.386;12.469;4.508;58.380;11.338;-1.889;36.568;-1.961;-16.048;34.282;-0.737;-20.279;20.685;-1.241;-24.955;5.656;-1.797;-31.535;5.404;9.370;-39.264;4.730;22.651;-38.304;4.041;24.147;-37.451;7.508;29.587;-37.377;9.874;28.667;-37.483;8.902;26.621;-38.080;7.342;26.699;-39.093;4.264;23.942;-39.934;7.539;30.020;-38.883;11.073;28.622;-39.058;9.227;26.284;-38.011;8.667;24.619;-39.953;5.054;23.072;-42.338;8.311;28.917;-41.049;11.872;28.163;-40.306;9.963;25.595;-39.773;8.665;23.945;-40.884;5.075;22.506;-44.256;9.045;27.644;-43.021;12.198;28.014;-42.057;11.649;25.688;-41.443;10.641;23.994;-41.592;6.677;23.171;-43.726;9.485;22.882;-43.421;12.437;24.105;-42.532;13.832;26.357;1.335;36.660;-1.848;15.609;34.093;0.103;20.200;20.093;-0.598;25.275;4.618;-1.372;29.002;2.821;10.895;33.384;0.165;25.946;31.936;-0.091;27.324;30.847;1.675;32.993;30.930;4.637;32.183;31.221;3.631;30.115;31.255;1.934;29.948;32.840;0.040;27.312;33.150;1.224;33.631;32.497;5.517;32.671;32.833;4.394;29.562;32.888;2.298;29.615;33.950;0.852;27.323;35.645;1.813;33.127;34.408;5.850;32.687;34.312;4.644;29.931;35.247;2.670;29.864;34.777;1.028;26.959;37.793;2.654;32.295;37.340;5.650;33.341;36.360;5.414;31.219;36.666;3.723;29.800;35.269;1.784;26.929;37.220;4.947;27.925;36.349;6.894;30.724;34.062;7.693;32.031;0.000;0.000;0.000;-7.567;-12.252;-1.110;-9.691;-33.173;-0.739;-12.184;-57.732;-0.304;-11.379;-101.881;-8.869;7.627;-12.282;-1.843;9.466;-33.215;-0.986;11.626;-57.788;0.019;10.812;-102.209;-8.804
843.000;33.720;0.002;7.176;-0.018;0.004;13.932;-0.040;0.007;25.885;-0.085;-0.449;41.775;-0.449;-0.494;45.961;2.663;-0.104;52.388;3.887;-6.785;56.477;5.652;6.789;56.461;3.264;-1.939;58.418;12.408;4.543;58.410;11.268;-1.854;36.568;-1.934;-16.009;34.182;-0.608;-20.273;20.577;-1.145;-24.986;5.539;-1.739;-29.213;4.129;10.556;-34.124;2.115;25.122;-32.911;1.301;26.320;-31.093;4.072;31.885;-31.240;6.629;31.401;-31.734;5.875;29.168;-32.263;4.296;29.323;-33.736;1.491;26.305;-33.464;3.885;32.762;-32.798;7.603;31.756;-33.092;5.695;28.891;-33.150;6.681;27.100;-34.695;2.339;25.709;-36.032;4.667;32.233;-34.992;8.214;31.802;-34.864;6.829;28.861;-34.592;5.873;26.937;-35.691;2.392;25.330;-38.208;5.457;31.468;-37.025;8.506;32.041;-36.463;8.353;29.438;-36.216;7.640;27.516;-36.371;3.850;26.325;-38.573;6.552;26.798;-38.112;9.324;28.345;-36.919;10.447;30.608;1.370;36.663;-1.811;15.634;34.091;0.274;20.345;20.099;-0.371;25.552;4.633;-1.083;27.398;2.065;11.530;29.469;-1.530;26.942;27.884;-1.935;28.072;25.855;-0.735;33.639;25.983;2.262;33.093;26.620;1.474;31.034;26.776;-0.194;30.714;28.779;-1.810;28.213;28.091;-1.206;34.587;27.384;3.243;33.935;28.317;2.336;30.810;28.460;0.243;30.845;29.771;-1.006;28.449;30.599;-0.529;34.512;29.207;3.513;34.276;29.721;2.575;31.452;30.781;0.665;31.377;30.634;-0.766;28.232;32.806;0.413;34.091;32.077;3.229;35.261;31.340;3.322;32.992;31.853;1.814;31.434;31.158;0.009;28.342;32.833;3.109;29.894;31.484;4.768;32.678;28.994;5.378;33.678;0.000;0.000;0.000;-7.564;-12.255;-1.094;-9.672;-33.175;-0.691;-12.147;-57.733;-0.218;-11.309;-101.883;-8.741;7.629;-12.283;-1.827;9.483;-33.208;-0.959;11.660;-57.772;0.059;10.883;-102.211;-8.674
844.000;33.760;0.008;7.195;-0.026;0.018;13.968;-0.052;0.037;25.952;-0.103;-0.422;41.844;-0.357;-0.489;45.984;2.727;-0.139;52.386;3.897;-6.834;56.477;5.606;6.752;56.463;3.286;-2.024;58.461;12.375;4.464;58.454;11.267;-1.819;36.647;-1.884;-15.952;34.128;-0.521;-20.390;20.523;-0.892;-25.296;5.486;-1.302;-26.659;3.780;11.613;-28.204;1.435;26.874;-26.856;0.445;27.722;-23.562;2.471;32.913;-23.508;4.955;32.586;-24.708;4.659;30.483;-25.350;3.125;30.656;-27.635;0.721;27.896;-25.689;2.447;34.286;-24.835;6.148;33.412;-25.705;4.585;30.523;-26.887;5.423;29.080;-28.633;1.664;27.571;-28.222;3.549;34.407;-26.914;6.989;33.964;-27.553;5.871;30.955;-27.900;5.118;28.954;-29.665;1.846;27.431;-30.413;4.663;34.156;-28.745;7.535;34.690;-28.779;7.460;31.901;-29.095;6.903;29.938;-29.968;3.300;28.657;-31.601;6.210;29.717;-30.439;8.737;31.288;-28.696;9.529;33.323;1.404;36.743;-1.748;15.653;34.131;0.421;20.115;20.061;-0.110;25.045;4.510;-0.696;25.311;2.029;12.100;25.459;-1.468;27.714;23.762;-1.981;28.611;20.862;-1.084;33.864;20.904;2.024;33.428;21.871;1.249;31.425;21.990;-0.417;31.077;24.619;-1.801;28.872;23.058;-1.377;35.095;22.164;2.943;34.402;23.505;2.236;31.442;23.717;0.153;31.564;25.552;-0.923;29.241;25.507;-0.538;35.393;23.894;3.481;35.041;24.791;2.478;32.334;25.957;0.632;32.418;26.421;-0.632;29.145;27.675;0.558;35.272;26.597;3.304;36.345;26.052;3.348;33.988;26.850;1.907;32.488;26.829;0.183;29.378;28.031;3.356;31.143;26.204;4.855;33.722;23.572;5.287;34.398;0.000;0.000;0.000;-7.569;-12.252;-1.100;-9.677;-33.177;-0.662;-12.151;-57.741;-0.147;-11.271;-101.899;-8.603;7.626;-12.290;-1.792;9.483;-33.214;-0.899;11.662;-57.778;0.148;10.933;-102.217;-8.543
845.000;33.800;0.009;7.220;-0.036;0.014;14.017;-0.069;0.018;26.042;-0.126;-0.403;41.936;-0.318;-0.484;46.039;2.750;-0.180;52.402;3.901;-6.897;56.483;5.550;6.710;56.490;3.357;-2.152;58.469;12.365;4.345;58.472;11.318;-1.810;36.748;-1.869;-15.925;34.239;-0.483;-20.375;20.604;-0.463;-25.293;5.534;-0.440;-24.252;4.459;12.550;-22.997;2.866;27.905;-21.605;1.670;28.506;-17.218;3.298;32.947;-16.721;5.762;32.485;-18.498;5.623;30.642;-19.188;4.153;31.042;-22.269;2.121;28.774;-19.025;3.679;34.689;-17.746;7.162;33.443;-19.181;5.857;30.830;-20.912;6.496;29.947;-23.252;3.196;28.651;-21.260;5.202;35.167;-19.453;8.458;34.325;-20.833;7.218;31.481;-21.770;6.529;29.654;-24.241;3.539;28.685;-23.238;6.634;35.266;-20.946;9.271;35.375;-21.576;9.035;32.585;-22.360;8.499;30.752;-24.048;5.078;29.806;-24.962;8.262;31.016;-23.089;10.573;32.183;-20.923;11.175;33.842;1.413;36.835;-1.725;15.654;34.172;0.484;19.694;20.003;0.181;24.160;4.344;-0.154;23.353;2.669;12.766;22.205;0.155;28.540;20.455;-0.448;29.329;17.197;0.381;34.397;16.939;3.428;33.761;18.160;2.748;31.856;18.510;1.105;31.560;21.270;-0.181;29.641;19.250;0.271;35.721;18.096;4.477;34.789;19.732;3.860;31.973;20.013;1.794;32.199;22.127;0.770;30.062;21.622;1.303;36.159;19.733;5.164;35.579;20.930;4.182;32.976;22.214;2.423;33.167;22.976;1.122;30.014;23.699;2.548;36.159;22.326;5.231;37.079;22.043;5.170;34.674;23.185;3.797;33.340;23.292;1.981;30.203;24.134;5.273;31.988;22.000;6.679;34.380;19.308;6.955;34.879;0.000;0.000;0.000;-7.571;-12.249;-1.114;-9.687;-33.174;-0.640;-12.172;-57.738;-0.083;-11.255;-101.919;-8.441;7.627;-12.297;-1.739;9.476;-33.219;-0.804;11.646;-57.780;0.293;10.948;-102.225;-8.379
846.000;33.840;0.002;7.222;-0.041;-0.008;14.022;-0.078;-0.042;26.051;-0.142;-0.412;41.945;-0.398;-0.491;46.057;2.663;-0.219;52.415;3.823;-6.967;56.465;5.420;6.666;56.525;3.392;-2.311;58.413;12.306;4.199;58.442;11.338;-1.838;36.756;-1.925;-15.939;34.361;-0.489;-20.334;20.712;-0.022;-25.192;5.626;0.494;-22.603;5.591;13.275;-19.545;5.238;28.405;-18.245;3.889;28.966;-13.221;5.354;32.779;-12.458;7.680;31.998;-14.513;7.615;30.398;-15.225;6.219;30.983;-18.812;4.453;29.244;-14.773;6.140;34.641;-13.171;9.279;32.931;-14.988;8.052;30.605;-16.911;8.602;30.180;-19.677;5.633;29.148;-16.753;7.975;35.183;-14.554;10.892;33.894;-16.447;9.558;31.278;-17.738;8.896;29.670;-20.621;6.112;29.244;-18.505;9.638;35.359;-15.951;11.934;35.006;-16.879;11.533;32.347;-17.926;10.952;30.665;-20.110;7.734;30.168;-20.499;11.103;31.143;-18.253;13.232;31.906;-15.940;13.908;33.323;1.386;36.833;-1.788;15.613;34.150;0.401;19.625;19.984;0.430;24.060;4.327;0.463;22.336;3.670;13.397;20.097;2.410;29.209;18.357;1.620;29.939;14.926;2.285;34.851;14.335;5.196;34.090;15.658;4.611;32.257;16.312;3.045;32.086;19.121;2.004;30.263;16.881;2.416;36.249;15.343;6.467;35.148;17.057;5.949;32.360;17.430;3.903;32.630;19.885;3.065;30.696;19.115;3.718;36.688;16.991;7.240;35.953;18.203;6.356;33.290;19.619;4.699;33.457;20.692;3.508;30.659;21.062;5.183;36.753;19.347;7.753;37.549;19.150;7.561;35.139;20.462;6.247;33.906;20.929;4.388;30.849;21.348;7.808;32.512;18.983;9.036;34.776;16.265;9.079;35.203;0.000;0.000;0.000;-7.559;-12.255;-1.134;-9.677;-33.180;-0.628;-12.164;-57.745;-0.034;-11.211;-101.939;-8.285;7.641;-12.294;-1.699;9.491;-33.218;-0.727;11.662;-57.782;0.413;10.983;-102.241;-8.224
847.000;33.880;-0.006;7.213;-0.042;-0.030;14.004;-0.083;-0.098;26.019;-0.158;-0.409;41.911;-0.567;-0.466;46.065;2.498;-0.174;52.433;3.685;-6.926;56.499;5.221;6.730;56.519;3.358;-2.346;58.397;12.173;4.175;58.406;11.283;-1.860;36.712;-2.039;-15.949;34.463;-0.511;-20.401;20.851;0.355;-25.323;5.806;1.312;-21.881;6.931;13.789;-17.849;7.960;28.582;-16.820;6.470;29.268;-11.503;7.266;32.942;-10.349;9.289;31.930;-12.506;9.522;30.405;-13.340;8.225;31.052;-17.251;7.170;29.472;-12.856;8.593;34.689;-10.666;11.145;32.727;-12.652;10.144;30.493;-14.596;10.766;30.368;-17.894;8.423;29.298;-14.403;10.819;35.056;-11.565;13.003;33.508;-13.770;11.805;31.058;-15.295;11.264;29.619;-18.733;9.116;29.335;-15.776;12.807;35.030;-12.893;14.475;34.490;-13.926;13.919;31.928;-15.129;13.330;30.357;-17.904;10.729;30.086;-17.633;14.184;30.694;-15.048;15.902;31.226;-12.765;16.777;32.579;1.364;36.779;-1.913;15.560;34.101;0.238;19.968;20.039;0.637;24.841;4.497;1.078;22.181;4.872;13.861;18.842;4.873;29.517;17.238;3.816;30.266;13.677;4.067;35.095;12.583;6.791;34.217;14.002;6.342;32.454;14.946;4.922;32.396;17.910;4.353;30.574;15.562;4.638;36.514;13.352;8.301;35.244;15.073;7.970;32.461;15.724;6.021;32.883;18.465;5.548;30.960;17.509;6.348;36.893;14.615;9.462;35.964;16.096;8.609;33.417;17.733;7.190;33.707;19.175;6.131;30.905;19.150;8.147;36.897;16.962;10.377;37.558;16.829;10.022;35.160;18.358;8.938;33.955;19.297;7.057;31.084;19.112;10.590;32.517;16.508;11.479;34.673;13.798;11.180;35.042;0.000;0.000;0.000;-7.551;-12.259;-1.137;-9.668;-33.189;-0.615;-12.152;-57.758;-0.002;-11.168;-101.953;-8.156;7.650;-12.289;-1.695;9.513;-33.220;-0.700;11.701;-57.791;0.470;11.031;-102.258;-8.099
848.000;33.920;-0.006;7.196;-0.047;-0.030;13.972;-0.094;-0.098;25.958;-0.178;-0.451;41.847;-0.685;-0.507;46.046;2.391;-0.201;52.452;3.593;-6.959;56.541;5.042;6.720;56.516;3.352;-2.462;58.425;12.051;4.070;58.414;11.244;-1.890;36.636;-2.123;-15.953;34.426;-0.561;-20.729;20.939;0.620;-26.008;6.033;1.925;-22.013;8.132;14.045;-17.391;10.360;28.445;-16.771;8.727;29.319;-11.689;8.610;33.465;-9.906;10.183;32.493;-11.832;10.871;30.716;-12.960;9.753;31.239;-16.982;9.542;29.376;-12.744;10.467;34.930;-9.812;12.172;33.121;-11.521;11.603;30.694;-13.333;12.543;30.564;-17.358;10.893;29.084;-13.660;13.075;34.949;-10.207;14.302;33.634;-12.304;13.392;31.086;-13.991;12.890;29.825;-17.963;11.764;28.974;-14.474;15.298;34.569;-11.258;16.140;34.278;-12.125;15.495;31.688;-13.476;14.811;30.285;-16.845;13.257;29.642;-16.008;16.644;29.979;-13.195;17.914;30.578;-11.106;19.172;31.941;1.335;36.711;-2.001;15.514;34.127;0.152;20.469;20.237;0.809;25.945;4.884;1.534;22.513;6.088;14.062;18.288;7.104;29.446;16.960;5.749;30.296;13.580;5.455;35.256;11.806;7.790;34.320;13.243;7.640;32.492;14.504;6.491;32.456;17.473;6.466;30.539;15.284;6.563;36.547;12.153;9.521;35.229;13.770;9.440;32.371;14.775;7.664;32.856;17.794;7.807;30.840;16.762;8.719;36.769;13.154;11.053;35.790;14.685;10.280;33.227;16.587;9.249;33.535;18.356;8.529;30.730;17.914;10.866;36.602;15.263;12.532;37.220;15.166;11.967;34.856;16.827;11.281;33.537;18.240;9.476;30.837;17.324;12.970;32.030;14.581;13.427;34.149;11.929;12.832;34.579;0.000;0.000;0.000;-7.554;-12.260;-1.112;-9.667;-33.192;-0.572;-12.149;-57.764;0.062;-11.126;-101.954;-8.040;7.646;-12.290;-1.706;9.529;-33.219;-0.683;11.739;-57.788;0.518;11.077;-102.260;-7.967
849.000;33.960;-0.003;7.185;-0.056;-0.015;13.950;-0.106;-0.050;25.919;-0.191;-0.430;41.805;-0.759;-0.488;46.039;2.318;-0.170;52.486;3.499;-6.925;56.613;4.849;6.770;56.520;3.306;-2.496;58.524;11.894;4.045;58.480;11.157;-1.860;36.586;-2.178;-15.903;34.414;-0.627;-21.264;21.147;0.782;-27.189;6.483;2.339;-22.708;9.172;14.117;-17.607;12.213;28.139;-17.401;10.529;29.172;-12.914;9.871;34.005;-10.603;10.913;33.370;-11.929;11.918;31.248;-13.428;11.230;31.527;-17.406;11.374;29.109;-13.673;12.061;35.191;-10.128;12.888;33.916;-11.292;12.576;31.271;-12.966;13.698;30.924;-17.519;12.780;28.701;-13.954;14.799;34.907;-10.143;15.197;34.221;-11.672;14.479;31.410;-13.479;13.994;30.319;-17.890;13.718;28.457;-14.255;17.042;34.251;-10.905;17.275;34.549;-11.288;16.610;31.893;-12.738;15.939;30.586;-16.630;15.044;29.163;-15.486;18.380;29.452;-12.709;19.497;30.314;-10.936;21.194;31.651;1.365;36.667;-2.055;15.530;34.169;0.118;20.922;20.444;0.936;26.880;5.275;1.839;22.965;7.074;14.114;18.254;8.849;29.246;17.215;7.325;30.234;14.200;6.699;35.395;11.892;8.538;34.561;13.173;8.674;32.625;14.675;7.873;32.513;17.552;8.159;30.391;15.686;8.216;36.533;11.892;10.385;35.394;13.172;10.454;32.390;14.513;8.902;32.827;17.701;9.625;30.573;16.671;10.677;36.573;12.740;12.205;35.764;14.010;11.449;33.071;16.085;10.787;33.249;18.115;10.428;30.396;17.330;13.016;36.223;14.417;14.138;36.992;14.269;13.399;34.667;15.871;13.041;33.160;17.780;11.341;30.497;16.365;14.719;31.417;13.615;14.927;33.605;10.989;14.332;34.173;0.000;0.000;0.000;-7.557;-12.263;-1.064;-9.661;-33.195;-0.482;-12.130;-57.768;0.201;-11.104;-101.958;-7.856;7.640;-12.292;-1.716;9.549;-33.214;-0.653;11.790;-57.774;0.594;11.124;-102.263;-7.795
850.000;34.000;-0.001;7.180;-0.065;-0.002;13.940;-0.115;-0.004;25.899;-0.190;-0.381;41.784;-0.798;-0.444;46.041;2.277;-0.132;52.516;3.441;-6.896;56.656;4.704;6.814;56.541;3.292;-2.531;58.602;11.780;4.016;58.547;11.105;-1.810;36.561;-2.205;-15.841;34.451;-0.678;-21.779;21.420;0.808;-28.341;7.017;2.450;-23.547;9.960;14.006;-18.088;13.373;27.759;-18.178;11.753;28.864;-14.203;10.787;34.161;-11.731;11.475;33.857;-12.377;12.605;31.531;-14.007;12.248;31.414;-18.072;12.585;28.764;-14.775;13.135;35.205;-10.948;13.398;34.525;-11.523;13.236;31.705;-13.084;14.406;31.091;-17.976;13.955;28.279;-14.594;15.838;34.794;-10.701;15.668;34.774;-11.472;14.989;31.735;-13.240;14.687;30.521;-18.197;14.918;27.973;-14.555;18.022;34.027;-11.240;17.935;34.910;-11.050;17.180;32.281;-12.357;16.623;30.782;-16.878;16.108;28.766;-15.536;19.417;29.140;-12.902;20.536;30.226;-11.570;22.651;31.476;1.414;36.643;-2.079;15.561;34.174;0.110;21.285;20.581;0.949;27.610;5.557;1.877;23.514;7.692;13.978;18.696;9.932;28.952;17.881;8.313;30.027;15.179;7.485;35.398;12.501;8.851;34.768;13.487;9.289;32.712;15.112;8.866;32.411;18.068;9.202;30.121;16.419;9.290;36.422;12.227;10.735;35.734;12.927;11.007;32.618;14.591;9.743;32.807;18.080;10.743;30.202;16.933;11.908;36.368;12.759;12.824;36.027;13.661;12.179;33.151;15.813;11.816;33.032;18.378;11.590;29.993;17.213;14.285;35.928;14.251;14.967;37.063;13.873;14.178;34.790;15.248;13.955;33.050;17.920;12.504;30.133;16.292;15.836;30.841;13.525;16.042;33.046;10.876;15.569;33.618;0.000;0.000;0.000;-7.557;-12.266;-1.018;-9.649;-33.199;-0.390;-12.104;-57.772;0.347;-11.070;-101.958;-7.688;7.638;-12.294;-1.717;9.562;-33.201;-0.607;11.820;-57.744;0.696;11.142;-102.268;-7.627
851.000;34.040;-0.001;7.177;-0.072;-0.001;13.935;-0.123;0.000;25.890;-0.192;-0.351;41.774;-0.833;-0.409;46.045;2.233;-0.103;52.536;3.371;-6.875;56.678;4.577;6.843;56.564;3.248;-2.554;58.654;11.671;3.997;58.599;11.037;-1.791;36.551;-2.227;-15.811;34.516;-0.695;-22.238;21.702;0.656;-29.341;7.539;2.151;-24.435;10.485;13.621;-18.832;13.915;27.253;-19.121;12.379;28.369;-15.457;11.180;33.989;-12.953;11.623;34.008;-13.030;12.588;31.618;-14.637;12.629;31.158;-18.964;13.205;28.262;-15.946;13.637;34.950;-11.989;13.520;34.914;-12.073;13.478;31.994;-13.550;14.513;31.029;-18.714;14.502;27.743;-15.489;16.280;34.535;-11.655;15.852;35.125;-11.645;15.067;32.051;-13.271;14.902;30.630;-18.838;15.476;27.413;-15.263;18.413;33.717;-12.067;18.202;35.085;-11.331;17.327;32.590;-12.282;16.809;30.832;-17.438;16.576;28.312;-15.930;19.825;28.754;-13.374;20.845;29.984;-12.329;23.177;31.116;1.434;36.628;-2.105;15.571;34.140;0.058;21.520;20.639;0.815;28.097;5.716;1.653;24.006;8.013;13.673;19.213;10.454;28.555;18.593;8.761;29.672;16.147;7.757;35.274;13.193;8.662;34.841;13.688;9.400;32.686;15.287;9.350;32.093;18.641;9.671;29.728;17.104;9.783;36.152;12.675;10.533;36.038;12.848;10.897;32.906;14.722;9.965;32.781;18.526;11.253;29.752;17.182;12.410;36.109;12.919;12.834;36.309;13.408;12.255;33.303;15.551;12.122;32.891;18.717;12.125;29.527;17.157;14.744;35.638;14.313;15.085;37.147;13.678;14.306;34.980;14.757;14.070;33.044;18.154;13.026;29.699;16.311;16.288;30.307;13.516;16.448;32.486;10.875;15.912;33.046;0.000;0.000;0.000;-7.556;-12.269;-0.989;-9.642;-33.203;-0.328;-12.090;-57.777;0.447;-11.051;-101.959;-7.566;7.638;-12.294;-1.716;9.565;-33.189;-0.553;11.828;-57.718;0.813;11.158;-102.282;-7.498
852.000;34.080;-0.003;7.176;-0.074;-0.006;13.932;-0.128;-0.010;25.885;-0.204;-0.343;41.768;-0.863;-0.391;46.048;2.189;-0.079;52.555;3.287;-6.853;56.704;4.463;6.869;56.579;3.179;-2.554;58.690;11.567;3.999;58.630;10.954;-1.792;36.545;-2.248;-15.811;34.549;-0.713;-22.508;21.856;0.325;-29.910;7.828;1.473;-25.034;10.673;12.936;-19.475;13.989;26.544;-19.911;12.486;27.662;-16.383;11.139;33.599;-13.899;11.303;34.125;-13.376;11.853;31.793;-14.662;12.366;30.856;-19.718;13.301;27.543;-16.839;13.680;34.430;-12.890;13.426;35.227;-12.435;13.336;32.250;-13.735;13.949;30.795;-19.344;14.583;27.000;-16.241;16.302;34.075;-12.522;15.856;35.319;-11.696;14.889;32.419;-13.112;14.722;30.789;-19.412;15.557;26.665;-15.909;18.404;33.193;-12.857;18.213;34.996;-11.512;17.252;32.808;-12.018;16.664;30.895;-17.925;16.580;27.676;-16.297;19.792;28.186;-13.818;20.735;29.490;-12.850;23.163;30.478;1.433;36.618;-2.133;15.571;34.106;-0.018;21.600;20.634;0.549;28.264;5.743;1.176;24.368;8.116;13.205;19.776;10.602;28.064;19.310;8.845;29.185;16.941;7.730;34.975;13.837;8.163;34.980;13.813;9.008;32.804;15.259;9.145;31.909;19.266;9.759;29.218;17.721;9.892;35.728;13.258;10.125;36.425;12.949;10.435;33.284;14.774;9.939;32.377;19.016;11.342;29.232;17.513;12.428;35.749;13.310;12.517;36.486;13.325;11.936;33.441;15.394;11.988;32.737;19.119;12.227;29.002;17.278;14.735;35.285;14.645;14.898;37.144;13.733;14.195;35.070;14.520;14.121;32.986;18.477;13.134;29.231;16.408;16.289;29.796;13.597;16.275;31.975;10.975;15.629;32.503;0.000;0.000;0.000;-7.556;-12.270;-0.980;-9.641;-33.205;-0.295;-12.089;-57.781;0.510;-11.050;-101.962;-7.475;7.638;-12.293;-1.717;9.565;-33.186;-0.507;11.827;-57.712;0.915;11.162;-102.295;-7.410
853.000;34.120;-0.003;7.174;-0.077;-0.007;13.929;-0.136;-0.017;25.879;-0.225;-0.348;41.762;-0.891;-0.390;46.049;2.153;-0.066;52.570;3.226;-6.833;56.734;4.388;6.891;56.579;3.122;-2.539;58.720;11.496;4.015;58.645;10.891;-1.799;36.539;-2.272;-15.824;34.550;-0.759;-22.612;21.910;-0.136;-30.114;7.940;0.553;-25.408;10.630;12.083;-20.059;13.766;25.749;-20.608;12.251;26.843;-17.133;10.809;33.050;-14.871;10.830;34.209;-13.643;11.115;32.111;-14.424;11.651;30.733;-20.400;13.063;26.724;-17.611;13.356;33.749;-13.887;13.156;35.359;-12.683;12.897;32.596;-13.505;13.093;30.734;-19.908;14.350;26.189;-16.925;15.957;33.531;-13.427;15.612;35.488;-11.780;14.581;32.951;-12.708;14.250;31.022;-19.949;15.324;25.862;-16.510;18.068;32.607;-13.689;17.989;34.817;-11.745;17.013;33.162;-11.731;16.283;31.231;-18.401;16.290;27.009;-16.730;19.473;27.637;-14.332;20.408;29.006;-13.481;22.932;29.852;1.426;36.611;-2.161;15.569;34.082;-0.094;21.548;20.597;0.182;28.156;5.693;0.487;24.530;8.040;12.550;20.281;10.484;27.423;19.968;8.647;28.481;17.489;7.354;34.440;14.490;7.291;35.321;13.713;8.120;33.259;14.790;8.414;31.970;19.864;9.554;28.495;18.163;9.599;35.084;13.973;9.527;36.741;13.002;9.748;33.640;14.234;9.793;31.943;19.469;11.152;28.568;17.798;12.080;35.252;13.689;11.926;36.669;13.109;11.418;33.715;14.939;11.674;32.547;19.512;12.045;28.350;17.427;14.380;34.844;15.049;14.455;37.083;13.786;13.767;35.189;14.225;13.812;33.005;18.798;12.970;28.654;16.677;16.100;29.248;13.869;16.020;31.441;11.241;15.374;31.942;0.000;0.000;0.000;-7.557;-12.270;-0.976;-9.642;-33.206;-0.268;-12.089;-57.783;0.563;-11.044;-101.965;-7.405;7.636;-12.294;-1.718;9.567;-33.187;-0.463;11.834;-57.714;1.009;11.169;-102.304;-7.336
854.000;34.160;-0.002;7.174;-0.082;-0.005;13.928;-0.151;-0.014;25.878;-0.259;-0.349;41.760;-0.938;-0.391;46.053;2.105;-0.055;52.581;3.172;-6.811;56.764;4.326;6.913;56.571;3.074;-2.519;58.741;11.437;4.035;58.649;10.839;-1.797;36.536;-2.317;-15.840;34.520;-0.870;-22.489;21.839;-0.691;-29.838;7.822;-0.493;-25.390;10.285;11.160;-20.359;13.155;24.948;-20.972;11.623;26.009;-17.512;10.159;32.376;-15.580;10.205;34.004;-13.509;10.306;32.578;-13.351;10.761;30.976;-20.791;12.442;25.908;-18.102;12.656;33.016;-14.735;12.640;35.316;-12.503;12.363;33.291;-12.316;12.232;31.259;-20.235;13.703;25.406;-17.429;15.240;32.951;-14.301;15.098;35.590;-11.818;14.141;33.723;-11.762;13.589;31.630;-20.269;14.690;25.087;-17.001;17.389;32.042;-14.489;17.535;34.631;-12.056;16.643;33.641;-11.337;15.773;31.912;-18.707;15.648;26.365;-17.111;18.838;27.138;-14.816;19.876;28.578;-14.221;22.489;29.367;1.428;36.609;-2.201;15.578;34.065;-0.159;21.374;20.527;-0.251;27.781;5.564;-0.353;24.427;7.802;11.752;20.535;10.105;26.658;20.301;8.262;27.682;17.861;6.803;33.754;15.278;6.314;35.421;13.680;6.979;33.792;14.062;7.435;32.193;20.181;9.169;27.700;18.449;9.094;34.323;14.639;8.763;36.666;12.778;8.906;33.903;13.316;9.219;31.900;19.716;10.715;27.794;18.001;11.522;34.631;14.074;11.223;36.749;12.718;10.840;34.091;13.964;11.151;32.322;19.727;11.613;27.588;17.570;13.823;34.289;15.427;13.894;36.866;13.749;13.198;35.309;13.693;13.162;33.082;18.989;12.574;27.955;17.107;15.836;28.698;14.379;15.932;30.985;11.732;15.455;31.569;0.000;0.000;0.000;-7.559;-12.269;-0.967;-9.639;-33.206;-0.244;-12.081;-57.784;0.604;-11.025;-101.962;-7.369;7.634;-12.297;-1.712;9.568;-33.192;-0.410;11.838;-57.722;1.118;11.190;-102.304;-7.321
855.000;34.200;0.001;7.175;-0.095;-0.001;13.931;-0.179;-0.008;25.884;-0.321;-0.344;41.766;-1.011;-0.388;46.061;2.030;-0.039;52.588;3.094;-6.793;56.776;4.244;6.932;56.571;3.007;-2.507;58.744;11.361;4.048;58.646;10.770;-1.787;36.540;-2.390;-15.853;34.489;-1.023;-22.164;21.694;-1.281;-29.140;7.552;-1.566;-25.027;9.726;10.248;-20.403;12.250;24.204;-21.029;10.703;25.227;-17.633;9.188;31.688;-15.975;9.297;33.593;-13.417;9.291;33.174;-12.238;9.730;32.072;-20.893;11.535;25.156;-18.329;11.660;32.316;-15.455;11.820;35.237;-12.560;11.689;34.236;-11.310;11.402;32.643;-20.311;12.771;24.679;-17.759;14.248;32.400;-15.123;14.309;35.580;-12.011;13.523;34.749;-10.772;12.922;33.078;-20.346;13.771;24.373;-17.345;16.433;31.526;-15.154;16.812;34.439;-12.429;16.126;34.224;-10.930;15.219;33.133;-18.824;14.713;25.750;-17.391;17.950;26.715;-15.249;19.136;28.245;-14.981;21.801;29.043;1.437;36.613;-2.267;15.594;34.046;-0.235;21.148;20.455;-0.716;27.285;5.433;-1.247;24.143;7.470;10.912;20.522;9.512;25.863;20.338;7.674;26.888;18.174;6.160;33.079;16.000;5.470;35.176;13.869;5.936;34.159;13.399;6.422;32.593;20.216;8.580;26.916;18.724;8.463;33.593;15.317;7.969;36.523;12.574;8.007;34.528;12.139;8.260;32.492;19.759;10.026;27.033;18.277;10.864;34.022;14.757;10.495;36.880;12.439;10.113;34.955;12.590;10.286;32.781;19.729;10.922;26.824;17.809;13.209;33.700;15.906;13.343;36.573;13.772;12.598;35.659;12.917;12.356;33.615;19.034;11.968;27.251;17.603;15.403;28.227;15.159;15.869;30.786;12.538;15.823;31.621;0.000;0.000;0.000;-7.564;-12.268;-0.952;-9.637;-33.203;-0.224;-12.072;-57.778;0.630;-11.002;-101.951;-7.368;7.630;-12.302;-1.691;9.560;-33.198;-0.354;11.825;-57.728;1.215;11.206;-102.294;-7.326
856.000;34.240;0.004;7.177;-0.111;0.003;13.933;-0.220;-0.008;25.887;-0.415;-0.348;41.768;-1.122;-0.397;46.064;1.916;-0.041;52.587;2.984;-6.798;56.768;4.139;6.928;56.576;2.909;-2.517;58.722;11.263;4.037;58.630;10.676;-1.787;36.541;-2.499;-15.874;34.452;-1.200;-21.708;21.514;-1.862;-28.157;7.214;-2.594;-24.439;9.023;9.401;-20.289;11.105;23.552;-20.941;9.568;24.528;-17.822;7.910;31.140;-16.425;7.993;33.220;-13.915;7.778;33.899;-12.303;8.152;33.664;-20.818;10.404;24.484;-18.537;10.400;31.726;-16.244;10.655;35.120;-13.177;10.600;35.308;-11.260;10.328;34.649;-20.204;11.634;24.017;-18.060;12.981;31.933;-15.943;13.157;35.511;-12.674;12.559;35.921;-10.663;12.045;35.302;-20.237;12.651;23.726;-17.532;15.208;31.082;-15.673;15.716;34.250;-12.985;15.301;35.032;-11.079;14.523;34.866;-18.729;13.507;25.201;-17.441;16.761;26.360;-15.472;18.039;28.020;-15.459;20.722;28.799;1.437;36.616;-2.369;15.607;34.029;-0.342;20.882;20.388;-1.171;26.713;5.311;-2.088;23.726;7.056;10.145;20.294;8.728;25.159;20.130;6.927;26.204;18.291;5.405;32.516;16.494;4.668;34.921;14.084;4.962;34.591;12.868;5.379;33.470;20.046;7.836;26.250;18.873;7.725;32.952;16.013;7.275;36.390;12.702;7.243;35.588;11.192;7.389;34.140;19.612;9.180;26.373;18.547;10.107;33.473;15.632;9.805;37.052;12.650;9.427;36.284;11.417;9.455;34.479;19.570;10.075;26.160;18.065;12.513;33.144;16.369;12.728;36.255;13.959;12.063;36.185;12.235;11.643;34.836;18.963;11.149;26.607;17.972;14.678;27.820;16.041;15.609;30.642;13.658;16.424;31.750;0.000;0.000;0.000;-7.570;-12.264;-0.947;-9.642;-33.196;-0.227;-12.074;-57.769;0.618;-10.981;-101.934;-7.422;7.625;-12.311;-1.652;9.552;-33.199;-0.325;11.814;-57.719;1.232;11.225;-102.281;-7.347
857.000;34.280;0.008;7.174;-0.126;0.007;13.929;-0.261;-0.004;25.879;-0.523;-0.348;41.758;-1.259;-0.403;46.058;1.775;-0.050;52.579;2.842;-6.812;56.750;4.010;6.914;56.576;2.771;-2.528;58.695;11.136;4.026;58.612;10.543;-1.782;36.528;-2.629;-15.898;34.402;-1.390;-21.199;21.319;-2.395;-27.059;6.859;-3.506;-23.734;8.280;8.655;-20.055;9.894;22.987;-20.808;8.421;23.944;-18.069;6.597;30.729;-16.884;6.607;32.905;-14.915;6.124;34.516;-13.406;6.355;35.197;-20.675;9.256;23.922;-18.698;9.132;31.232;-16.856;9.399;34.886;-14.093;9.353;36.216;-12.116;9.103;36.677;-19.978;10.414;23.452;-18.156;11.622;31.489;-16.459;11.927;35.250;-13.520;11.435;36.793;-11.469;11.050;37.372;-19.958;11.450;23.155;-17.456;13.873;30.657;-15.811;14.414;33.978;-13.483;14.203;35.637;-11.675;13.663;36.474;-18.488;12.233;24.744;-17.166;15.418;25.984;-15.322;16.739;27.733;-15.419;19.455;28.383;1.442;36.604;-2.494;15.618;34.011;-0.464;20.632;20.327;-1.575;26.173;5.201;-2.803;23.292;6.592;9.499;20.002;7.830;24.573;19.856;6.071;25.640;18.310;4.582;32.062;16.982;3.805;34.711;14.566;3.919;35.237;12.938;4.216;34.822;19.826;6.982;25.700;18.982;6.891;32.420;16.739;6.582;36.229;13.389;6.476;36.840;11.317;6.620;36.546;19.384;8.262;25.829;18.824;9.229;32.995;16.675;9.098;37.154;13.639;8.899;37.763;11.541;8.874;37.153;19.347;9.157;25.614;18.341;11.714;32.658;16.875;12.070;35.990;14.514;11.550;36.871;12.318;11.177;36.801;18.806;10.228;26.051;18.233;13.782;27.461;16.873;15.090;30.377;15.110;16.844;31.553;0.000;0.000;0.000;-7.574;-12.261;-0.957;-9.647;-33.190;-0.251;-12.082;-57.759;0.578;-10.960;-101.922;-7.503;7.623;-12.317;-1.613;9.547;-33.196;-0.335;11.805;-57.706;1.164;11.249;-102.259;-7.448
858.000;34.320;0.011;7.172;-0.138;0.015;13.923;-0.301;0.013;25.867;-0.631;-0.331;41.745;-1.401;-0.396;46.050;1.628;-0.051;52.568;2.695;-6.817;56.723;3.888;6.905;56.579;2.605;-2.516;58.673;11.001;4.037;58.604;10.389;-1.762;36.512;-2.764;-15.901;34.358;-1.597;-20.733;21.157;-2.833;-26.073;6.566;-4.199;-23.049;7.562;8.102;-19.738;8.658;22.583;-20.541;7.211;23.510;-18.009;5.263;30.363;-16.979;5.208;32.621;-15.759;4.638;34.835;-14.787;4.789;36.188;-20.422;8.049;23.512;-18.581;7.783;30.849;-17.020;8.067;34.621;-14.861;8.139;36.740;-13.283;8.062;38.038;-19.650;9.180;23.056;-18.002;10.240;31.163;-16.651;10.579;35.031;-14.151;10.258;37.300;-12.441;10.048;38.612;-19.604;10.230;22.765;-17.278;12.483;30.377;-15.769;13.056;33.785;-13.917;13.070;35.966;-12.437;12.750;37.371;-18.177;10.939;24.417;-16.956;14.109;25.749;-15.193;15.505;27.535;-15.463;18.228;28.102;1.462;36.588;-2.620;15.640;33.991;-0.571;20.451;20.283;-1.890;25.769;5.131;-3.348;22.907;6.156;8.985;19.744;7.027;24.098;19.651;5.317;25.185;18.331;3.745;31.663;17.446;2.901;34.423;15.376;2.768;35.739;13.719;2.831;36.140;19.664;6.228;25.262;19.040;6.063;31.964;17.464;5.763;36.063;14.643;5.617;37.953;12.724;5.715;38.794;19.157;7.411;25.395;18.987;8.395;32.587;17.712;8.377;37.089;15.225;8.286;38.891;13.156;8.314;39.595;19.107;8.305;25.179;18.521;10.913;32.260;17.362;11.418;35.806;15.425;11.160;37.525;13.486;10.959;38.605;18.638;9.404;25.651;18.283;12.941;27.146;17.368;14.394;30.096;16.283;16.754;31.006;0.000;0.000;0.000;-7.577;-12.259;-0.962;-9.645;-33.185;-0.282;-12.073;-57.750;0.515;-10.927;-101.917;-7.600;7.622;-12.321;-1.587;9.547;-33.194;-0.362;11.807;-57.698;1.075;11.283;-102.244;-7.543
859.000;34.360;0.015;7.171;-0.157;0.022;13.922;-0.345;0.026;25.865;-0.729;-0.321;41.741;-1.529;-0.398;46.046;1.501;-0.059;52.552;2.593;-6.829;56.695;3.814;6.886;56.579;2.459;-2.494;58.667;10.900;4.056;58.612;10.253;-1.745;36.505;-2.887;-15.898;34.329;-1.776;-20.437;21.052;-3.108;-25.453;6.376;-4.581;-22.584;6.934;7.819;-19.454;7.505;22.406;-20.206;6.015;23.291;-17.698;3.993;30.133;-16.817;3.923;32.438;-15.988;3.298;34.809;-15.296;3.375;36.330;-20.124;6.857;23.321;-18.349;6.468;30.672;-17.046;6.750;34.503;-15.350;6.936;36.993;-14.152;6.986;38.650;-19.345;8.055;22.877;-17.926;8.954;31.044;-16.770;9.247;34.963;-14.709;9.193;37.628;-13.341;9.123;39.306;-19.362;9.113;22.624;-17.262;11.251;30.323;-15.932;11.896;33.814;-14.439;12.102;36.234;-13.286;11.960;37.941;-18.033;9.800;24.320;-17.012;12.998;25.763;-15.401;14.457;27.565;-15.875;17.134;28.208;1.478;36.583;-2.732;15.648;33.996;-0.646;20.385;20.283;-2.058;25.621;5.126;-3.619;22.719;5.822;8.739;19.526;6.299;23.863;19.501;4.638;24.975;18.391;3.014;31.485;17.782;2.073;34.263;16.095;1.746;36.010;14.669;1.598;36.936;19.540;5.547;25.060;19.059;5.339;31.756;17.910;5.031;35.955;15.718;4.830;38.511;14.150;4.878;39.903;18.986;6.678;25.169;19.101;7.669;32.367;18.338;7.687;36.973;16.404;7.643;39.344;14.708;7.725;40.719;18.925;7.571;24.953;18.591;10.184;32.060;17.668;10.826;35.699;16.111;10.732;37.800;14.510;10.687;39.349;18.454;8.661;25.454;18.212;12.180;27.007;17.583;13.749;29.884;16.861;16.323;30.534;0.000;0.000;0.000;-7.580;-12.258;-0.950;-9.638;-33.178;-0.294;-12.055;-57.738;0.477;-10.897;-101.892;-7.687;7.619;-12.327;-1.548;9.548;-33.196;-0.374;11.812;-57.694;1.003;11.307;-102.224;-7.623
860.000;34.400;0.018;7.172;-0.181;0.029;13.923;-0.396;0.042;25.867;-0.832;-0.325;41.741;-1.659;-0.409;46.046;1.379;-0.064;52.535;2.507;-6.830;56.672;3.767;6.875;56.571;2.313;-2.446;58.666;10.818;4.099;58.618;10.123;-1.739;36.501;-3.011;-15.889;34.301;-1.897;-20.344;20.997;-3.214;-25.268;6.292;-4.670;-22.362;6.424;7.774;-19.183;6.489;22.403;-19.901;4.967;23.244;-17.472;2.913;30.098;-16.634;2.883;32.436;-15.962;2.311;34.841;-15.391;2.399;36.410;-19.862;5.810;23.296;-18.219;5.303;30.653;-17.027;5.616;34.523;-15.645;5.857;37.165;-14.636;5.963;38.940;-19.080;7.039;22.880;-17.866;7.794;31.089;-16.859;8.052;35.029;-15.074;8.106;37.894;-13.957;8.121;39.749;-19.139;8.100;22.651;-17.306;10.132;30.425;-16.078;10.752;33.980;-14.841;11.044;36.490;-13.762;11.006;38.250;-17.884;8.770;24.385;-17.073;11.972;25.917;-15.628;13.483;27.809;-16.274;16.112;28.499;1.484;36.584;-2.850;15.655;34.023;-0.722;20.432;20.317;-2.100;25.711;5.169;-3.624;22.688;5.519;8.744;19.361;5.580;23.856;19.370;3.932;24.976;18.443;2.279;31.490;18.013;1.296;34.277;16.671;0.836;36.241;15.456;0.600;37.415;19.426;4.839;25.067;19.100;4.603;31.743;18.198;4.339;36.001;16.428;4.156;38.844;15.148;4.206;40.505;18.854;5.929;25.171;19.182;6.902;32.367;18.704;6.966;36.996;17.148;6.949;39.602;15.724;7.032;41.257;18.783;6.822;24.959;18.651;9.417;32.066;17.853;10.079;35.769;16.540;10.039;38.044;15.200;10.070;39.824;18.358;7.911;25.489;18.181;11.396;27.058;17.856;13.003;29.936;17.257;15.619;30.546;0.000;0.000;0.000;-7.584;-12.257;-0.923;-9.631;-33.170;-0.283;-12.034;-57.720;0.468;-10.862;-101.870;-7.749;7.617;-12.335;-1.495;9.553;-33.200;-0.356;11.827;-57.694;0.982;11.343;-102.197;-7.686
861.000;34.440;0.019;7.168;-0.202;0.027;13.916;-0.441;0.032;25.853;-0.923;-0.346;41.726;-1.778;-0.434;46.033;1.262;-0.094;52.515;2.408;-6.853;56.647;3.722;6.840;56.556;2.156;-2.414;58.647;10.736;4.125;58.604;9.988;-1.755;36.482;-3.122;-15.899;34.276;-1.983;-20.421;20.971;-3.195;-25.419;6.264;-4.535;-22.388;6.034;7.920;-19.051;5.684;22.552;-19.774;4.144;23.341;-17.551;1.978;30.229;-16.809;1.883;32.585;-16.251;1.290;35.004;-15.727;1.324;36.591;-19.728;4.986;23.409;-18.294;4.356;30.787;-17.206;4.605;34.686;-15.945;4.796;37.379;-14.987;4.870;39.184;-18.939;6.215;23.037;-17.957;6.855;31.266;-16.982;7.052;35.213;-15.365;7.052;38.163;-14.330;7.030;40.065;-18.995;7.282;22.822;-17.382;9.184;30.648;-16.192;9.726;34.261;-15.061;9.972;36.818;-14.115;9.880;38.651;-17.828;7.911;24.586;-17.044;11.071;26.226;-15.681;12.550;28.197;-16.341;15.173;28.896;1.467;36.567;-2.959;15.637;34.025;-0.773;20.538;20.330;-2.050;25.954;5.194;-3.461;22.762;5.282;8.892;19.228;5.029;23.985;19.302;3.397;25.091;18.603;1.623;31.586;18.283;0.555;34.349;17.078;0.008;36.386;15.994;-0.309;37.664;19.350;4.304;25.195;19.235;3.972;31.845;18.493;3.577;36.126;16.884;3.269;39.061;15.710;3.241;40.799;18.728;5.447;25.277;19.259;6.255;32.491;18.977;6.203;37.131;17.568;6.094;39.824;16.274;6.127;41.585;18.668;6.344;25.080;18.657;8.775;32.238;17.957;9.368;35.969;16.790;9.304;38.306;15.581;9.302;40.178;18.229;7.309;25.642;18.054;10.783;27.240;17.783;12.378;30.143;17.214;15.013;30.692;0.000;0.000;0.000;-7.585;-12.259;-0.898;-9.634;-33.161;-0.270;-12.040;-57.700;0.468;-10.853;-101.846;-7.798;7.616;-12.341;-1.454;9.552;-33.213;-0.315;11.825;-57.715;1.021;11.352;-102.169;-7.732
862.000;34.480;0.019;7.160;-0.218;0.026;13.900;-0.476;0.022;25.823;-0.998;-0.360;41.694;-1.895;-0.449;46.009;1.148;-0.110;52.488;2.313;-6.869;56.604;3.669;6.814;56.544;2.019;-2.391;58.612;10.656;4.143;58.583;9.868;-1.767;36.446;-3.225;-15.907;34.245;-2.042;-20.547;20.953;-3.122;-25.675;6.262;-4.316;-22.584;5.790;8.140;-19.173;5.164;22.772;-19.922;3.666;23.544;-17.718;1.271;30.372;-16.997;1.096;32.722;-16.443;0.376;35.115;-15.912;0.365;36.700;-19.889;4.507;23.637;-18.437;3.670;30.976;-17.343;3.790;34.874;-16.073;3.913;37.575;-15.127;3.911;39.388;-19.044;5.726;23.250;-18.065;6.163;31.505;-17.134;6.182;35.461;-15.554;6.097;38.422;-14.541;6.014;40.335;-19.127;6.791;23.062;-17.501;8.473;30.930;-16.298;8.914;34.552;-15.172;9.084;37.109;-14.227;8.918;38.937;-17.915;7.311;24.803;-17.110;10.451;26.552;-15.733;11.877;28.544;-16.404;14.487;29.284;1.455;36.532;-3.062;15.628;34.003;-0.835;20.631;20.323;-1.992;26.160;5.203;-3.271;22.903;5.149;9.073;19.293;4.729;24.150;19.379;3.094;25.243;18.665;1.210;31.706;18.347;0.102;34.444;17.169;-0.531;36.491;16.166;-0.927;37.813;19.418;4.000;25.361;19.273;3.559;31.994;18.554;3.074;36.270;17.007;2.674;39.228;15.886;2.598;40.999;18.784;5.119;25.451;19.265;5.859;32.673;19.068;5.725;37.308;17.718;5.564;40.042;16.533;5.580;41.878;18.716;6.018;25.263;18.659;8.367;32.436;17.964;8.919;36.184;16.868;8.842;38.557;15.724;8.824;40.469;18.272;6.986;25.823;18.089;10.413;27.484;17.882;12.008;30.356;17.384;14.660;30.897;0.000;0.000;0.000;-7.587;-12.258;-0.880;-9.633;-33.154;-0.265;-12.034;-57.685;0.457;-10.845;-101.832;-7.838;7.614;-12.346;-1.425;9.549;-33.222;-0.292;11.821;-57.729;1.037;11.368;-102.144;-7.773
863.000;34.520;0.018;7.153;-0.226;0.023;13.886;-0.498;0.016;25.795;-1.052;-0.372;41.664;-1.982;-0.461;45.985;1.062;-0.126;52.463;2.237;-6.889;56.565;3.622;6.787;56.535;1.913;-2.385;58.584;10.589;4.145;58.570;9.773;-1.779;36.412;-3.300;-15.915;34.217;-2.068;-20.675;20.948;-3.045;-25.936;6.282;-4.124;-22.840;5.708;8.336;-19.419;4.963;22.975;-20.187;3.471;23.733;-17.985;0.993;30.526;-17.283;0.771;32.853;-16.668;-0.001;35.231;-16.108;-0.043;36.806;-20.146;4.310;23.833;-18.694;3.357;31.158;-17.558;3.368;35.060;-16.281;3.394;37.751;-15.346;3.319;39.568;-19.253;5.561;23.452;-18.328;5.888;31.713;-17.383;5.833;35.680;-15.831;5.676;38.648;-14.847;5.531;40.571;-19.338;6.625;23.284;-17.704;8.182;31.162;-16.499;8.561;34.788;-15.403;8.643;37.349;-14.431;8.452;39.161;-18.092;7.078;25.033;-17.265;10.175;26.819;-15.861;11.562;28.814;-16.462;14.175;29.601;1.444;36.500;-3.140;15.616;33.986;-0.905;20.682;20.310;-1.956;26.282;5.194;-3.118;23.025;5.130;9.235;19.418;4.694;24.325;19.511;3.059;25.408;18.767;1.141;31.855;18.394;0.008;34.568;17.234;-0.644;36.612;16.258;-1.041;37.953;19.555;3.964;25.531;19.403;3.493;32.159;18.639;2.964;36.420;17.098;2.554;39.362;15.970;2.454;41.128;18.904;5.091;25.627;19.387;5.786;32.854;19.182;5.598;37.473;17.885;5.412;40.210;16.687;5.404;42.038;18.840;5.991;25.442;18.780;8.298;32.631;18.081;8.821;36.374;17.041;8.728;38.761;15.930;8.711;40.693;18.353;6.942;26.017;18.207;10.361;27.688;17.997;11.927;30.570;17.496;14.565;31.169;0.000;0.000;0.000;-7.588;-12.259;-0.865;-9.624;-33.153;-0.266;-12.014;-57.680;0.437;-10.837;-101.827;-7.870;7.613;-12.347;-1.419;9.551;-33.222;-0.307;11.826;-57.728;0.997;11.363;-102.147;-7.803
864.000;34.560;0.016;7.150;-0.226;0.019;13.880;-0.498;0.009;25.785;-1.057;-0.385;41.652;-2.007;-0.474;45.977;1.030;-0.149;52.455;2.196;-6.917;56.545;3.592;6.756;56.540;1.853;-2.402;58.581;10.547;4.128;58.578;9.716;-1.793;36.399;-3.316;-15.921;34.216;-2.055;-20.774;20.970;-2.960;-26.139;6.329;-3.961;-23.074;5.756;8.512;-19.686;5.019;23.168;-20.463;3.522;23.909;-18.361;1.009;30.712;-17.689;0.791;33.062;-17.065;-0.013;35.441;-16.521;-0.087;37.020;-20.412;4.361;24.007;-19.043;3.403;31.351;-17.928;3.412;35.257;-16.651;3.443;37.955;-15.745;3.371;39.787;-19.542;5.565;23.661;-18.649;5.921;31.909;-17.811;5.894;35.887;-16.272;5.705;38.864;-15.300;5.534;40.791;-19.579;6.639;23.481;-18.016;8.225;31.357;-16.839;8.572;34.987;-15.704;8.617;37.543;-14.725;8.381;39.345;-18.331;7.101;25.239;-17.527;10.195;27.030;-16.105;11.558;29.044;-16.700;14.165;29.854;1.430;36.488;-3.162;15.604;33.983;-0.951;20.686;20.307;-1.925;26.303;5.191;-3.001;23.114;5.197;9.370;19.578;4.852;24.492;19.691;3.218;25.570;18.938;1.305;32.021;18.526;0.188;34.735;17.344;-0.447;36.763;16.337;-0.818;38.089;19.737;4.123;25.690;19.587;3.656;32.319;18.740;3.113;36.566;17.121;2.711;39.466;15.964;2.589;41.211;19.062;5.229;25.810;19.594;5.969;32.998;19.272;5.758;37.616;17.904;5.566;40.321;16.676;5.575;42.129;18.993;6.128;25.622;18.965;8.453;32.772;18.169;8.953;36.511;17.090;8.827;38.882;15.969;8.795;40.807;18.574;7.093;26.187;18.340;10.499;27.862;18.155;12.050;30.750;17.644;14.682;31.369;0.000;0.000;0.000;-7.585;-12.262;-0.853;-9.619;-33.156;-0.256;-12.006;-57.684;0.445;-10.834;-101.831;-7.880;7.615;-12.344;-1.436;9.556;-33.228;-0.319;11.835;-57.745;0.993;11.357;-102.159;-7.808
865.000;34.600;0.012;7.151;-0.223;0.012;13.882;-0.491;-0.004;25.788;-1.040;-0.404;41.655;-1.995;-0.489;45.980;1.038;-0.172;52.458;2.195;-6.944;56.543;3.588;6.726;56.551;1.832;-2.423;58.602;10.532;4.105;58.606;9.694;-1.813;36.401;-3.299;-15.936;34.232;-2.006;-20.842;20.999;-2.866;-26.264;6.372;-3.817;-23.261;5.859;8.675;-19.943;5.195;23.351;-20.734;3.703;24.094;-18.698;1.268;30.933;-18.008;1.023;33.283;-17.429;0.270;35.668;-16.872;0.250;37.244;-20.692;4.543;24.187;-19.409;3.644;31.541;-18.303;3.695;35.465;-17.033;3.750;38.155;-16.125;3.702;39.986;-19.806;5.737;23.847;-19.071;6.151;32.082;-18.192;6.128;36.070;-16.641;5.993;39.050;-15.683;5.845;40.987;-19.844;6.804;23.656;-18.376;8.465;31.534;-17.221;8.837;35.169;-16.058;8.916;37.708;-15.087;8.677;39.514;-18.673;7.291;25.409;-17.839;10.396;27.214;-16.457;11.768;29.227;-17.033;14.380;30.036;1.410;36.491;-3.152;15.591;34.000;-0.969;20.675;20.319;-1.897;26.295;5.198;-2.923;23.167;5.280;9.466;19.712;5.027;24.604;19.823;3.401;25.690;19.065;1.523;32.152;18.635;0.435;34.878;17.452;-0.168;36.909;16.434;-0.515;38.233;19.878;4.307;25.806;19.749;3.871;32.435;18.898;3.368;36.686;17.295;3.004;39.596;16.138;2.915;41.343;19.217;5.423;25.919;19.768;6.185;33.108;19.504;6.029;37.722;18.173;5.885;40.448;16.970;5.905;42.272;19.157;6.322;25.728;19.171;8.679;32.869;18.389;9.186;36.606;17.305;9.082;38.969;16.153;9.072;40.876;18.695;7.282;26.288;18.532;10.699;27.966;18.355;12.259;30.860;17.871;14.899;31.463;0.000;0.000;0.000;-7.582;-12.265;-0.839;-9.613;-33.161;-0.244;-11.997;-57.692;0.453;-10.831;-101.848;-7.866;7.617;-12.340;-1.456;9.566;-33.233;-0.327;11.854;-57.759;1.000;11.365;-102.165;-7.798
866.000;34.640;0.007;7.152;-0.219;0.003;13.883;-0.480;-0.016;25.791;-1.012;-0.423;41.659;-1.954;-0.508;45.980;1.073;-0.199;52.460;2.211;-6.976;56.537;3.598;6.693;56.563;1.836;-2.456;58.618;10.536;4.072;58.631;9.695;-1.834;36.405;-3.260;-15.950;34.233;-1.943;-20.888;21.008;-2.759;-26.346;6.391;-3.662;-23.394;5.949;8.841;-20.135;5.367;23.525;-20.916;3.879;24.271;-18.925;1.509;31.166;-18.300;1.299;33.517;-17.759;0.580;35.918;-17.233;0.566;37.505;-20.880;4.719;24.361;-19.687;3.891;31.734;-18.667;4.007;35.672;-17.430;4.107;38.383;-16.548;4.097;40.228;-20.034;5.880;24.027;-19.361;6.412;32.255;-18.610;6.474;36.268;-17.125;6.383;39.294;-16.226;6.317;41.263;-20.066;6.954;23.824;-18.698;8.700;31.711;-17.577;9.119;35.344;-16.430;9.199;37.888;-15.430;8.981;39.681;-18.907;7.491;25.593;-18.125;10.618;27.387;-16.758;12.008;29.408;-17.379;14.611;30.210;1.390;36.496;-3.118;15.573;34.009;-0.953;20.656;20.327;-1.862;26.274;5.205;-2.867;23.210;5.345;9.535;19.824;5.167;24.694;19.904;3.526;25.778;19.210;1.698;32.251;18.756;0.634;34.986;17.571;0.054;37.018;16.545;-0.269;38.342;19.963;4.432;25.887;19.909;4.036;32.525;19.056;3.564;36.776;17.438;3.250;39.684;16.267;3.183;41.423;19.344;5.565;26.018;19.985;6.349;33.184;19.704;6.226;37.805;18.374;6.108;40.532;17.173;6.156;42.358;19.289;6.463;25.823;19.381;8.857;32.943;18.626;9.376;36.680;17.544;9.281;39.065;16.448;9.289;41.006;18.844;7.436;26.376;18.699;10.847;28.061;18.538;12.396;30.968;18.028;15.026;31.593;0.000;0.000;0.000;-7.573;-12.271;-0.828;-9.600;-33.165;-0.226;-11.979;-57.693;0.481;-10.823;-101.842;-7.842;7.624;-12.333;-1.475;9.577;-33.232;-0.331;11.868;-57.765;1.011;11.370;-102.169;-7.771
867.000;34.680;0.003;7.152;-0.216;-0.004;13.885;-0.471;-0.029;25.794;-0.988;-0.446;41.663;-1.914;-0.532;45.981;1.107;-0.236;52.467;2.224;-7.020;56.535;3.606;6.650;56.580;1.848;-2.504;58.629;10.543;4.023;58.650;9.704;-1.855;36.409;-3.223;-15.969;34.231;-1.890;-20.914;20.999;-2.663;-26.379;6.374;-3.519;-23.466;5.998;8.997;-20.244;5.503;23.696;-21.026;3.988;24.429;-19.140;1.685;31.377;-18.550;1.505;33.735;-18.039;0.795;36.148;-17.533;0.781;37.741;-20.987;4.829;24.509;-19.946;4.079;31.914;-18.957;4.217;35.866;-17.734;4.346;38.577;-16.829;4.354;40.411;-20.148;6.011;24.194;-19.612;6.598;32.421;-18.930;6.747;36.445;-17.451;6.683;39.472;-16.531;6.671;41.432;-20.181;7.071;23.982;-18.960;8.887;31.869;-17.865;9.296;35.510;-16.646;9.363;38.036;-15.636;9.097;39.818;-19.049;7.636;25.761;-18.290;10.762;27.549;-16.961;12.145;29.610;-17.534;14.756;30.424;1.369;36.502;-3.085;15.557;34.024;-0.935;20.638;20.342;-1.847;26.253;5.219;-2.855;23.233;5.380;9.560;19.903;5.224;24.733;19.984;3.581;25.813;19.309;1.763;32.290;18.874;0.685;35.023;17.700;0.124;37.068;16.682;-0.205;38.397;20.045;4.487;25.923;20.022;4.089;32.559;19.200;3.625;36.820;17.613;3.310;39.738;16.457;3.245;41.487;19.427;5.627;26.063;20.114;6.407;33.218;19.849;6.273;37.843;18.530;6.159;40.571;17.337;6.207;42.402;19.375;6.526;25.870;19.520;8.908;32.983;18.766;9.416;36.721;17.675;9.332;39.102;16.566;9.328;41.035;18.965;7.497;26.419;18.825;10.914;28.107;18.660;12.457;31.027;18.175;15.092;31.653;0.000;0.000;0.000;-7.569;-12.274;-0.821;-9.593;-33.167;-0.207;-11.969;-57.694;0.513;-10.821;-101.840;-7.809;7.628;-12.330;-1.488;9.583;-33.231;-0.326;11.877;-57.768;1.038;11.372;-102.170;-7.738
868.000;34.720;0.001;7.153;-0.215;-0.010;13.886;-0.466;-0.046;25.797;-0.972;-0.475;41.665;-1.884;-0.564;45.980;1.132;-0.277;52.467;2.236;-7.068;56.524;3.614;6.603;56.591;1.862;-2.559;58.626;10.553;3.969;58.658;9.716;-1.880;36.412;-3.197;-15.994;34.222;-1.852;-20.921;20.977;-2.590;-26.367;6.338;-3.407;-23.488;6.015;9.116;-20.307;5.577;23.822;-21.086;4.075;24.555;-19.236;1.795;31.510;-18.645;1.620;33.871;-18.130;0.932;36.295;-17.641;0.922;37.894;-21.053;4.916;24.635;-20.054;4.165;32.039;-19.112;4.320;35.998;-17.899;4.455;38.726;-17.019;4.476;40.573;-20.228;6.095;24.322;-19.708;6.705;32.548;-19.028;6.842;36.568;-17.586;6.767;39.614;-16.698;6.723;41.588;-20.265;7.155;24.110;-19.061;8.986;31.993;-17.941;9.374;35.620;-16.638;9.422;38.106;-15.527;9.182;39.830;-19.136;7.723;25.873;-18.391;10.862;27.671;-17.094;12.248;29.736;-17.669;14.857;30.554;1.343;36.507;-3.060;15.536;34.037;-0.918;20.618;20.358;-1.848;26.236;5.239;-2.875;23.241;5.384;9.545;19.937;5.211;24.723;20.032;3.565;25.795;19.372;1.743;32.278;18.977;0.655;35.009;17.826;0.087;37.068;16.823;-0.236;38.410;20.094;4.471;25.906;20.094;4.080;32.544;19.317;3.596;36.814;17.752;3.267;39.747;16.622;3.208;41.513;19.467;5.610;26.050;20.174;6.382;33.211;20.016;6.234;37.834;18.722;6.130;40.583;17.564;6.177;42.435;19.415;6.509;25.859;19.586;8.878;32.978;18.837;9.399;36.722;17.777;9.310;39.094;16.650;9.311;41.017;18.978;7.475;26.405;18.886;10.904;28.100;18.704;12.443;31.023;18.225;15.078;31.655;0.000;0.000;0.000;-7.567;-12.275;-0.817;-9.595;-33.169;-0.193;-11.976;-57.698;0.539;-10.829;-101.855;-7.776;7.629;-12.328;-1.492;9.583;-33.235;-0.310;11.877;-57.777;1.077;11.369;-102.172;-7.708
869.000;34.760;0.001;7.155;-0.215;-0.014;13.889;-0.463;-0.057;25.803;-0.961;-0.498;41.672;-1.860;-0.591;45.983;1.154;-0.314;52.467;2.251;-7.111;56.516;3.628;6.560;56.601;1.880;-2.607;58.624;10.568;3.921;58.665;9.733;-1.901;36.419;-3.176;-16.015;34.211;-1.830;-20.918;20.957;-2.552;-26.337;6.307;-3.350;-23.459;6.024;9.171;-20.278;5.635;23.876;-21.054;4.129;24.612;-19.202;1.873;31.576;-18.607;1.708;33.940;-18.105;1.053;36.364;-17.610;1.042;37.962;-21.023;4.971;24.691;-20.022;4.242;32.101;-19.094;4.405;36.056;-17.877;4.546;38.783;-17.009;4.567;40.635;-20.202;6.140;24.381;-19.721;6.769;32.596;-19.079;6.888;36.630;-17.650;6.843;39.693;-16.791;6.810;41.681;-20.233;7.200;24.164;-19.061;9.064;32.039;-17.950;9.452;35.666;-16.645;9.496;38.151;-15.519;9.229;39.861;-19.114;7.781;25.918;-18.371;10.924;27.712;-17.062;12.319;29.779;-17.656;14.922;30.604;1.323;36.516;-3.041;15.519;34.055;-0.902;20.596;20.378;-1.874;26.207;5.262;-2.949;23.238;5.385;9.479;19.967;5.186;24.666;20.058;3.535;25.731;19.441;1.686;32.209;19.053;0.577;34.934;17.902;-0.004;36.986;16.895;-0.342;38.321;20.119;4.440;25.845;20.171;4.024;32.477;19.404;3.498;36.749;17.809;3.159;39.667;16.654;3.085;41.417;19.512;5.555;26.007;20.233;6.324;33.154;20.073;6.152;37.776;18.759;6.018;40.517;17.572;6.061;42.351;19.451;6.454;25.816;19.652;8.823;32.924;18.899;9.293;36.678;17.799;9.182;39.048;16.668;9.154;40.968;19.016;7.442;26.341;18.905;10.868;28.079;18.678;12.370;31.017;18.172;14.993;31.676;0.000;0.000;0.000;-7.567;-12.275;-0.818;-9.595;-33.170;-0.185;-11.977;-57.698;0.558;-10.824;-101.854;-7.745;7.630;-12.328;-1.488;9.583;-33.236;-0.289;11.875;-57.780;1.119;11.375;-102.170;-7.678
870.000;34.800;-0.001;7.156;-0.216;-0.020;13.893;-0.463;-0.073;25.809;-0.956;-0.526;41.678;-1.844;-0.621;45.985;1.174;-0.349;52.467;2.279;-7.150;56.509;3.650;6.521;56.606;1.907;-2.650;58.626;10.591;3.878;58.672;9.758;-1.924;36.425;-3.164;-16.038;34.202;-1.821;-20.899;20.932;-2.549;-26.273;6.265;-3.354;-23.387;6.015;9.166;-20.198;5.666;23.872;-20.970;4.145;24.606;-19.070;1.909;31.557;-18.465;1.776;33.920;-17.920;1.127;36.350;-17.420;1.136;37.945;-20.936;4.987;24.683;-19.890;4.270;32.090;-18.912;4.441;36.036;-17.675;4.580;38.751;-16.793;4.597;40.596;-20.133;6.152;24.384;-19.587;6.801;32.589;-18.894;6.895;36.606;-17.459;6.847;39.650;-16.541;6.808;41.611;-20.159;7.216;24.165;-18.947;9.092;32.026;-17.792;9.479;35.638;-16.454;9.504;38.104;-15.296;9.238;39.793;-19.019;7.810;25.902;-18.283;10.955;27.709;-16.959;12.351;29.759;-17.558;14.951;30.588;1.299;36.525;-3.028;15.499;34.069;-0.892;20.566;20.399;-1.916;26.168;5.290;-3.048;23.236;5.395;9.387;20.006;5.171;24.588;20.091;3.510;25.641;19.467;1.618;32.102;19.047;0.470;34.808;17.872;-0.128;36.840;16.838;-0.482;38.150;20.147;4.414;25.759;20.190;3.951;32.394;19.360;3.365;36.651;17.686;3.004;39.515;16.493;2.907;41.238;19.554;5.538;25.926;20.256;6.261;33.081;20.056;6.044;37.703;18.710;5.880;40.424;17.507;5.904;42.249;19.494;6.438;25.741;19.668;8.762;32.859;18.857;9.194;36.609;17.739;9.052;38.977;16.618;8.997;40.903;19.030;7.417;26.280;18.917;10.825;28.043;18.711;12.302;30.975;18.169;14.907;31.680;0.000;0.000;0.000;-7.566;-12.276;-0.821;-9.601;-33.169;-0.176;-11.990;-57.695;0.581;-10.839;-101.844;-7.719;7.632;-12.328;-1.478;9.577;-33.239;-0.265;11.862;-57.786;1.159;11.364;-102.166;-7.652
871.000;34.840;-0.003;7.158;-0.218;-0.026;13.896;-0.465;-0.091;25.816;-0.953;-0.551;41.686;-1.828;-0.649;45.989;1.194;-0.379;52.467;2.306;-7.180;56.509;3.679;6.491;56.608;1.937;-2.682;58.624;10.620;3.847;58.671;9.789;-1.946;36.433;-3.153;-16.060;34.196;-1.820;-20.884;20.916;-2.567;-26.216;6.238;-3.393;-23.300;5.992;9.120;-20.075;5.648;23.820;-20.840;4.123;24.557;-18.903;1.900;31.501;-18.309;1.797;33.853;-17.735;1.160;36.292;-17.234;1.181;37.887;-20.807;4.965;24.635;-19.734;4.253;32.036;-18.748;4.433;35.980;-17.532;4.583;38.695;-16.635;4.597;40.532;-20.010;6.135;24.334;-19.452;6.784;32.532;-18.740;6.864;36.552;-17.326;6.827;39.593;-16.408;6.781;41.555;-20.043;7.200;24.116;-18.795;9.065;31.969;-17.598;9.433;35.575;-16.216;9.451;38.015;-15.054;9.161;39.697;-18.903;7.788;25.860;-18.160;10.930;27.664;-16.831;12.327;29.714;-17.435;14.927;30.540;1.277;36.534;-3.016;15.476;34.079;-0.879;20.543;20.414;-1.946;26.144;5.309;-3.126;23.228;5.390;9.313;20.015;5.139;24.519;20.102;3.472;25.565;19.475;1.556;32.015;19.024;0.404;34.719;17.845;-0.195;36.741;16.797;-0.543;38.041;20.158;4.377;25.686;20.207;3.897;32.319;19.316;3.308;36.571;17.604;2.948;39.412;16.399;2.853;41.126;19.560;5.504;25.860;20.276;6.216;33.008;20.080;5.993;37.631;18.742;5.835;40.358;17.550;5.856;42.190;19.503;6.405;25.677;19.695;8.706;32.786;18.845;9.124;36.538;17.705;8.970;38.901;16.583;8.904;40.825;19.055;7.378;26.223;18.926;10.784;27.987;18.717;12.247;30.942;18.169;14.851;31.645;0.000;0.000;0.000;-7.564;-12.277;-0.822;-9.606;-33.169;-0.158;-12.004;-57.695;0.621;-10.851;-101.843;-7.688;7.633;-12.329;-1.464;9.572;-33.238;-0.239;11.848;-57.784;1.198;11.361;-102.157;-7.624
872.000;34.880;-0.003;7.160;-0.221;-0.025;13.900;-0.467;-0.091;25.823;-0.949;-0.555;41.693;-1.812;-0.654;45.993;1.212;-0.382;52.468;2.331;-7.184;56.507;3.705;6.488;56.609;1.969;-2.688;58.615;10.651;3.841;58.663;9.822;-1.949;36.441;-3.142;-16.064;34.195;-1.814;-20.854;20.907;-2.591;-26.148;6.220;-3.450;-23.191;5.945;9.053;-19.914;5.566;23.743;-20.672;4.037;24.478;-18.720;1.812;31.413;-18.123;1.720;33.762;-17.557;1.093;36.204;-17.052;1.127;37.798;-20.642;4.879;24.558;-19.553;4.159;31.954;-18.569;4.347;35.895;-17.355;4.500;38.609;-16.456;4.518;40.446;-19.848;6.052;24.257;-19.273;6.689;32.457;-18.568;6.752;36.474;-17.114;6.741;39.512;-16.217;6.684;41.482;-19.886;7.116;24.041;-18.629;8.962;31.899;-17.408;9.324;35.498;-15.996;9.332;37.927;-14.835;9.029;39.608;-18.748;7.702;25.784;-18.005;10.838;27.596;-16.671;12.233;29.650;-17.287;14.826;30.490;1.275;36.543;-3.004;15.473;34.087;-0.866;20.539;20.423;-1.957;26.138;5.321;-3.162;23.241;5.385;9.283;20.047;5.117;24.499;20.141;3.435;25.535;19.501;1.513;31.981;18.999;0.351;34.680;17.780;-0.253;36.673;16.706;-0.598;37.952;20.192;4.340;25.657;20.251;3.842;32.295;19.230;3.247;36.520;17.411;2.882;39.301;16.148;2.780;40.973;19.591;5.474;25.846;20.310;6.173;32.984;20.013;5.924;37.599;18.604;5.753;40.291;17.357;5.761;42.086;19.534;6.375;25.664;19.728;8.665;32.758;18.830;9.030;36.510;17.636;8.844;38.836;16.454;8.758;40.723;19.075;7.345;26.209;18.943;10.745;27.985;18.703;12.181;30.962;18.152;14.779;31.678;0.000;0.000;0.000;-7.564;-12.277;-0.817;-9.605;-33.171;-0.133;-12.000;-57.699;0.671;-10.837;-101.839;-7.658;7.634;-12.330;-1.453;9.574;-33.238;-0.216;11.850;-57.782;1.236;11.373;-102.153;-7.590
